version: 1
creator: callgrind-3.11.0
pid: 31260
cmd:  ./unoptimized
part: 1


desc: I1 cache: 
desc: D1 cache: 
desc: LL cache: 

desc: Timerange: Basic block 0 - 74014867
desc: Trigger: Program termination

positions: line
events: Ir
summary: 383402036


ob=(2) ???
fl=(16) ???
fn=(550) 0x0000000000400dd4
0 3

fn=(338) 0x0000000004c498a0
0 3
cob=(3) /lib/x86_64-linux-gnu/libc-2.23.so
cfi=(81) /build/glibc-9tT8Do/glibc-2.23/malloc/malloc.c
cfn=(340) malloc
calls=3 2900 
0 59620

fn=(214) 0x0000000004a28530
0 6

fn=(558) 0x0000000004a28570
0 1
cob=(3)
cfi=(118) /build/glibc-9tT8Do/glibc-2.23/stdlib/cxa_finalize.c
cfn=(560) __cxa_finalize
calls=1 31 
0 56

ob=(1) /lib/x86_64-linux-gnu/ld-2.23.so
fl=(30) /build/glibc-9tT8Do/glibc-2.23/elf/dl-debug.c
fn=(92) _dl_debug_state
74 2

fn=(88) _dl_debug_initialize
50 8
+5 6
+5 2
-1 1
+1 2
+1 2
-1 1
+4 1
-13 4
+4 8
+4 1
-1 1
-58 4

fl=(27) /build/glibc-9tT8Do/glibc-2.23/string/../sysdeps/x86_64/multiarch/../memset.S
fn=(74) memset
53 13
+1 13
+1 13
+1 13
+1 13
+2 13
+1 13
+1 11
+1 11
+15 2
+1 2
+1 2
+1 2
+1 2
+1 2
+1 2
+1 2
+1 2
+1 2
+1 2
+1 2
+1 2
+1 4
+3 2
+1 2
+1 2
+1 2
+1 2
+1 2
+1 2
-6 34
+1 34
+1 34
+1 34
+1 34
+1 34
+1 34
+1 2
+3 11
+1 11
+1 11
+1 4
+1 4
+1 2
+1 2
+3 2
+1 2
+1 2
+1 2
+2 2
+1 2
+1 2
+2 7
+1 7
+1 7

fl=(36) /build/glibc-9tT8Do/glibc-2.23/io/../sysdeps/unix/sysv/linux/wordsize-64/fxstat.c
fn=(120) _fxstat
34 3
-1 3
+1 3
+1 18
+4 3

fl=(6) /build/glibc-9tT8Do/glibc-2.23/elf/dl-lookup.c
fn=(172) do_lookup_x
355 658
+1 94
-1 470
+48 94
-30 94
-11 94
+41 94
+7 188
-7 188
-30 376
+37 376
-44 188
+3 188
-3 396
+3 396
+4 590
+4 582
+4 582
+6 873
+8 291
-4 291
+1 291
+3 582
+1 873
+3 291
+1 582
+2 582
+8 291
-8 291
+8 2910
-99 203
553 1468
+1 80
cfi=(34) /build/glibc-9tT8Do/glibc-2.23/elf/dl-misc.c
cfn=(106) _dl_name_match_p
calls=40 288 
* 4192
* 120
+3 612
+3 6
+1 752
-92 176
+50 656
+4 36
+12 176
+1 88
+1 176
413 552
+2 184
+2 1196
+13 264
-10 880
+2 176
+1 440
-1 88
+1 616
-1 88
+1 264
cfn=(174) check_match
calls=88 92 
* 7977
+4 264
+34 8
+94 28
439 792

fn=(174)
92 704
+3 616
+12 528
+3 452
cfi=(19) /build/glibc-9tT8Do/glibc-2.23/string/../sysdeps/x86_64/multiarch/../strcmp.S
cfn=(54) strcmp
calls=25 +34 
* 1038
* 50
+5 88
-1 88
+1 88
+2 174
+19 174
+1 696
+46 88
-7 88
+7 440
-18 2
+2 1
+1 4
-1 5
-29 261
cfi=(19)
cfn=(54)
calls=87 +6 
* 2131
* 261

fn=(10) _dl_setup_hash
956 12
+4 4
+4 8
+2 4
-1 4
+3 12
+1 4
+1 4
+3 4
-3 4
+7 4
-4 4
-1 4
+3 4
+2 4
-7 4
+7 4
+1 4

fn=(170) _dl_lookup_symbol_x
806 1034
568 94
806 376
568 470
+1 94
-1 94
+1 282
-1 282
+1 1135
-1 1135
+1 3405
-1 3593
808 94
+4 94
+4 94
-8 94
+1 188
+7 268
+7 94
-2 94
+2 94
-2 94
+6 94
-7 94
+7 188
-7 564
+15 6
-8 30
+2 1316
cfn=(172)
calls=94 355 
* 36354
+3 282
+26 188
+22 88
+1 616
+31 88
+9 440
+14 264
+3 352
+5 88
+2 752
-85 42
+16 6
+1 12
+59 2

fl=(32) /build/glibc-9tT8Do/glibc-2.23/elf/dl-error.c
fn=(148) _dl_receive_error
205 10
+1 1
cfi=(2) /build/glibc-9tT8Do/glibc-2.23/elf/rtld.c
cfn=(98) _dl_initial_error_catch_tsd
calls=1 648 
* 2
+5 1
-1 1
-4 1
+9 1
+2 1
-3 1
+3 1
cfi=(2)
cfn=(150) version_check_doit
calls=1 513 
* 3013
+2 1
+1 1
+1 8

fn=(96) _dl_catch_error
163 6
+15 3
-3 6
+1 6
-13 6
+14 6
+1 3
+2 3
cfi=(2)
cfn=(98)
calls=3 648 
* 6
+2 3
-1 3
+4 3
-3 6
+3 3
-4 3
+4 3
cfi=(33) /build/glibc-9tT8Do/glibc-2.23/setjmp/../sysdeps/x86_64/setjmp.S
cfn=(100) __sigsetjmp
calls=3 26 
* 60
* 9
+2 9
cfi=(40) /build/glibc-9tT8Do/glibc-2.23/elf/dl-deps.c
cfn=(134) openaux
calls=2 60 
* 5432
cfi=(2)
cfn=(102) map_doit
calls=1 480 
* 2372
+1 6
+2 3
+1 3
-3 3
+1 6
+1 3
+9 3
-8 3
+8 9

fl=(11) /build/glibc-9tT8Do/glibc-2.23/string/../sysdeps/x86_64/strlen.S
fn=(22) strlen
66 14
+1 14
+1 14
+1 14
+1 14
+1 14
+1 14
+2 14
+2 14
+30 13
+1 13
+1 13
+1 13
+1 13
+1 6
+1 6
+4 7
+1 7
+1 7
+1 7
+1 7
+1 7
+1 7
+1 7
+1 7
+1 7
+1 7
+1 7
+5 56
+4 1
+1 14
+1 8

ob=(2)
fl=(16)
fn=(572) 0x0000000004a287b8
0 3

fn=(442) 0x0000000004c498a8
0 2
cob=(3)
cfi=(81)
cfn=(444) free
calls=2 2932 
0 322

fn=(272) 0x0000000000400730
0 6

fn=(84) 0x0000000004000ab0
0 1
cob=(1)
cfi=(17) /build/glibc-9tT8Do/glibc-2.23/elf/dl-minimal.c
cfn=(86) free
calls=1 120 
0 6

ob=(5) /home/pomahn/Desktop/Optimization/unoptimized
fl=(64) ???
fn=(276) 0x0000000000400930
0 16

fn=(456) ht_insert
0 640000
cfn=(458) ht_search
calls=64000 0 
0 12193147
0 161324
cob=(3)
cfi=(81)
cfn=(466) calloc
calls=11107 3170 
0 2632691
cob=(1)
cfi=(65) /build/glibc-9tT8Do/glibc-2.23/elf/../sysdeps/x86_64/dl-trampoline.h
cfn=(259) _dl_runtime_resolve_avx'2
calls=1 64 
0 1126
0 11112
0 44432
cfn=(460) hash
calls=11108 0 
0 1236772
0 336404

fn=(270) __libc_csu_init
0 15
cob=(2)
cfi=(16)
cfn=(272)
calls=1 0 
0 6
0 8
cfn=(276)
calls=1 0 
0 16
0 11

fn=(460)
0 84195176

fn=(544) 0x0000000000400890
0 8

fn=(250) _start
0 11
cob=(1)
cfi=(65)
cfn=(258) _dl_runtime_resolve_avx
calls=1 64 
0 383310652
0 5

fn=(290) main
0 7
cob=(1)
cfi=(65)
cfn=(259)
calls=1 64 
0 889
0 5
0 6
cob=(1)
cfi=(65)
cfn=(259)
calls=1 64 
0 448922
0 5
0 5
cob=(3)
cfi=(77) /build/glibc-9tT8Do/glibc-2.23/string/../sysdeps/x86_64/multiarch/../memset.S
cfn=(310) __GI_memset
calls=1 53 
0 2648
0 1
0 3
cob=(1)
cfi=(65)
cfn=(259)
calls=1 64 
0 939
0 5
0 2
cob=(1)
cfi=(65)
cfn=(259)
calls=1 64 
0 11427
0 5
0 6
cfn=(328) load_wordbuf
calls=1 0 
0 36347888
0 512004
cfn=(456)
calls=64000 0 
0 17257008
0 1256005
cob=(3)
cfi=(102) /build/glibc-9tT8Do/glibc-2.23/stdlib/rand.c
cfn=(480) rand
calls=999999 26 
0 46967695
cob=(1)
cfi=(65)
cfn=(259)
calls=1 64 
0 930
0 1000004
0 20000000
cfn=(458)
calls=1000000 0 
0 256498150
0 3000003
cob=(3)
cfi=(72) /build/glibc-9tT8Do/glibc-2.23/time/../sysdeps/unix/sysv/linux/clock.c
cfn=(296) clock
calls=1 25 
0 39
0 1
0 14
cob=(1)
cfi=(65)
cfn=(259)
calls=1 64 
0 3956
0 5
0 6

fn=(458)
0 9576000
cfn=(460)
calls=1064000 0 
0 82958404
0 35491590
cob=(3)
cfi=(101) /build/glibc-9tT8Do/glibc-2.23/string/../sysdeps/x86_64/multiarch/strcmp-sse2-unaligned.S
cfn=(474) __strcmp_sse2_unaligned
calls=4851264 24 
0 100745853
cob=(1)
cfi=(65)
cfn=(259)
calls=1 64 
0 894
0 4851269
0 35067287

fn=(540) 0x0000000000400910
0 5
cfn=(544)
calls=1 0 
0 8
0 3

fn=(328)
0 14
cob=(1)
cfi=(65)
cfn=(259)
calls=1 64 
0 60425
0 5
0 832007
cob=(3)
cfi=(93) /build/glibc-9tT8Do/glibc-2.23/stdio-common/isoc99_fscanf.c
cfn=(394) __isoc99_fscanf
calls=63999 26 
0 35260047
cob=(1)
cfi=(65)
cfn=(259)
calls=1 64 
0 1891
0 64004
0 128006
cob=(1)
cfi=(65)
cfn=(259)
calls=1 64 
0 1481
0 5
0 3

ob=(1)
fl=(1) ???
fn=(0) 0x0000000000000cc0
0 2
cfi=(2)
cfn=(2) _dl_start
calls=1 337 
0 89741
0 14
cfi=(53) /build/glibc-9tT8Do/glibc-2.23/elf/dl-init.c
cfn=(210) _dl_init
calls=1 80 
0 1608
0 3
cob=(5)
cfi=(64)
cfn=(250)
calls=1 0 
0 383310668

fl=(85) /build/glibc-9tT8Do/glibc-2.23/elf/dl-open.c
fn=(356) _dl_find_dso_for_object
182 5
+1 4
+1 12
+1 2
+3 2
+4 1
-9 6

fl=(15) /build/glibc-9tT8Do/glibc-2.23/elf/dl-object.c
fn=(32) _dl_new_object
61 42
+1 3
cfi=(11)
cfn=(22)
calls=3 +4 
* 66
+6 3
-6 6
+6 6
+7 12
cfi=(17)
cfn=(36) calloc
calls=3 +28 
* 120
* 3
+3 3
-3 3
+3 3
+4 3
+5 6
-6 3
+6 3
-5 3
+3 6
+2 3
cfi=(18) /build/glibc-9tT8Do/glibc-2.23/string/../sysdeps/x86_64/multiarch/../memcpy.S
cfn=(46) memcpy
calls=3 -26 
* 88
+10 3
-10 3
+10 3
-8 3
+9 6
-1 9
+1 9
+3 3
-4 3
+1 3
+3 3
+9 3
-7 3
+4 3
+3 9
+2 2
-2 2
+2 30
-2 30
+12 3
+6 3
-5 3
-1 3
+6 15
+2 2
+3 2
-3 2
+3 2
-3 4
+7 6
+4 4
+2 5
+6 1
+6 1
-3 2
+3 4
-3 4
+3 4
+2 6
cfi=(11)
cfn=(22)
calls=2 -91 
* 68
+4 2
-4 8
+4 6
+64 4
+4 24
68 30
+34 8
+39 8
+70 6
cfi=(25) /build/glibc-9tT8Do/glibc-2.23/string/../sysdeps/x86_64/memcpy.S
cfn=(70) mempcpy
calls=2 61 
* 71
* 42
+6 40
-1 40
+1 42
-1 2
+1 6
+5 4
-89 2
+32 4
cfi=(17)
cfn=(40) malloc
calls=2 -71 
* 58
* 2
+1 2
-1 2
+1 6
+2 1
-35 2

fn=(48) _dl_add_to_namespace_list
32 15
+2 6
cfi=(2)
cfn=(50) rtld_lock_default_lock_recursive
calls=3 688 
* 6
+2 3
-2 3
+2 19
+3 15
+2 2
+2 2
+4 2
+4 2
-4 4
+1 2
+4 4
-4 2
+1 2
+3 2
-3 2
+2 2
cfi=(2)
cfn=(52) rtld_lock_default_unlock_recursive
calls=2 694 
* 4
-4 1
+4 1
-4 2
+1 1
+4 2
-4 1
+1 1
+3 1
-3 1
+2 1
cfi=(2)
cfn=(52)
calls=1 694 
* 2
-5 2

fl=(17)
fn=(40)
94 21
+1 42
cfn=(44) __libc_memalign
calls=21 -43 
* 633
* 21

fn=(80) strsep
354 8
+2 4
+1 8
+4 132
+7 366
-2 244
+13 2
+4 4
-7 61
-15 187

fn=(44)
52 66
+1 87
+11 63
+3 21
-3 21
+3 42
-3 3
+3 1
-3 1
+3 78
+4 12
+1 6
+6 24
cfi=(26) /build/glibc-9tT8Do/glibc-2.23/misc/../sysdeps/unix/sysv/linux/wordsize-64/mmap.c
cfn=(72) mmap
calls=3 -45 
* 99
+2 15
+4 9
+3 3
+1 3
+2 15
-3 19
+1 19
+2 95
-31 2
-1 5

fn=(36)
103 8
+8 24
-4 8
+4 16
+3 8
cfn=(40)
calls=8 -20 
* 289
* 8

fn=(86)
120 1
+2 3
+7 2

fl=(66) /build/glibc-9tT8Do/glibc-2.23/elf/../elf/dl-runtime.c
fn=(260) _dl_fixup
66 26
+5 26
-5 13
+3 26
+3 13
-1 26
-3 13
+5 78
+1 13
-1 13
+1 26
+5 26
+4 26
+4 39
+4 13
+1 65
+2 52
+7 26
-1 13
+1 13
+10 117
cfi=(6)
cfn=(170)
calls=13 806 
* 10315
* 13
+4 65
+10 78
+16 13
-8 13
+8 39
+4 39
fi=(5) /build/glibc-9tT8Do/glibc-2.23/elf/../sysdeps/x86_64/dl-machine.h
+90 13
fe=(66)
-86 39
fi=(75) /build/glibc-9tT8Do/glibc-2.23/elf/../sysdeps/x86_64/dl-irel.h
32 3
cob=(3)
cfi=(45) /build/glibc-9tT8Do/glibc-2.23/string/../sysdeps/x86_64/multiarch/strcmp.S
cfn=(472) strcmp
calls=1 +55 
* 5
cob=(3)
cfi=(46) /build/glibc-9tT8Do/glibc-2.23/time/../sysdeps/unix/sysv/linux/x86/time.c
cfn=(178) time
calls=1 +6 
* 66
cob=(3)
cfi=(76) /build/glibc-9tT8Do/glibc-2.23/string/../sysdeps/x86_64/multiarch/memset.S
cfn=(308) memset
calls=1 -4 
* 5
* 3
fe=(66)

fl=(7) /build/glibc-9tT8Do/glibc-2.23/elf/../elf/dl-sysdep.c
fn=(12) _dl_sysdep_start
86 8
+25 1
-1 1
+1 228
+6 1
-3 1
+1 1
-4 1
+3 1
+3 4
+1 2
-1 25
+1 105
-1 102
+62 1
+1 1
-1 1
+1 1
-29 1
+1 2
+11 1
+1 1
-1 1
+1 1
-7 1
+1 1
-1 1
+1 1
-4 1
+1 2
-25 1
+1 2
-4 1
+1 2
-7 1
+1 1
+2 1
+1 1
fi=(9) /build/glibc-9tT8Do/glibc-2.23/elf/../sysdeps/unix/sysv/linux/dl-sysdep.c
-90 2
cfi=(10) /build/glibc-9tT8Do/glibc-2.23/elf/../sysdeps/unix/sysv/linux/x86_64/brk.c
cfn=(18) brk
calls=1 -4 
* 11
fi=(5)
223 5
fi=(8) /build/glibc-9tT8Do/glibc-2.23/elf/../sysdeps/x86/cpu-features.c
61 2
+3 1
-3 1
+3 9
175 3
+1 1
+3 2
+1 1
+2 2
+1 7
+7 3
+4 2
+2 4
+51 2
fe=(7)
-16 1
fi=(8)
+27 1
+1 1
+1 1
fe=(7)
-29 1
+1 1
cfi=(11)
cfn=(22)
calls=1 66 
* 32
* 1
+2 2
cfi=(12) /build/glibc-9tT8Do/glibc-2.23/elf/../misc/sbrk.c
cfn=(24) sbrk
calls=1 34 
* 17
* 3
+12 3
+3 5
cfi=(2)
cfn=(26) dl_main
calls=1 738 
* 88381
+1 1
+1 8
fi=(8)
-4 2
+1 4
+1 4
-49 2
+1 1
+6 3
+5 3
+16 2
+3 2
29 2
+4 1
-4 1
+5 1
-1 1
+2 1
-1 1
+1 1
-2 1
+1 1
+1 1
+1 1
-7 2
+3 1
+4 1
+5 1
+32 2
-32 1
+27 1
+5 1
+3 1
+1 8
+57 2
-66 2
+44 2
250 2
+1 4
fe=(7)

fn=(202) _dl_sysdep_start_cleanup
256 1

fl=(38) /build/glibc-9tT8Do/glibc-2.23/misc/../sysdeps/unix/syscall-template.S
fn=(206) munmap
84 4
+1 1

fn=(124) mprotect
84 24
+1 6

fl=(25)
fn=(70)
61 17
+4 17
+3 16
+1 16
+2 7
+1 7
+2 7
+1 7
+5 7
+1 7
-1 9
+1 9
+2 10
+1 10
+2 10
+1 10
+5 10
+1 10
-1 6
+1 6
+2 5
+1 5
+2 5
+1 5
+5 5
+1 5
-1 11
+1 11
+2 7
+1 7
+2 7
+1 14
+5 7
+1 7
-1 9
+1 11
+5 2
+1 2
+1 2
+1 2
+2 2
+2 2
+1 2
+2 2
+6 16
+4 16
+12 2
+2 2
+1 2
+26 2
+1 2
+3 2
+1 2
+1 2
+5 2
+2 2
+1 2
+1 2
+1 2
+2 2
+1 2
+1 2
+1 2
+2 2
+1 2
+2 2
+22 2
+2 2
+2 1
+7 1

fl=(18)
fn=(46)
61 15
+2 15
+2 15
+3 12
+1 12
+2 3
+1 3
+2 3
+1 3
+5 3
+1 3
-1 9
+1 9
+2 3
+1 3
+2 3
+1 6
+5 3
+1 3
-1 9
+1 9
+2 2
+1 2
+2 2
+1 2
+5 2
+1 2
-1 10
+1 10
+2 6
+1 6
+2 6
+1 6
+5 6
+1 6
-1 6
+1 11
+5 5
+1 5
+1 5
+1 5
+2 5
+2 5
+1 5
+2 5
+8 12
+8 6
+6 6
+2 6
+1 6
+26 6
+1 6
+3 6
+1 6
+1 6
+5 6
+2 6
+1 6
+1 6
+1 6
+2 6
+1 6
+1 6
+1 6
+2 6
+1 6
+2 6
+22 6
+6 6
+1 6
+2 3

fl=(14) /build/glibc-9tT8Do/glibc-2.23/string/../sysdeps/x86_64/multiarch/../memcmp.S
fn=(30) bcmp
24 13
+1 13
+1 13
+1 13
+1 13
+1 13
+1 13
+1 13
+3 13
+1 13
+1 5
+1 5
+1 5
+1 5
+1 5
+1 5
+1 5
+2 12
+1 12
+1 4
+1 4
+1 4
+1 4
+1 4
+1 4
+1 4
+2 12
+1 12
+1 5
+1 5
+1 5
+1 5
+1 2
+1 2
+1 2
+2 9
+1 9
+1 5
+1 5
+1 5
+1 5
+5 4
+1 4
+1 4
+1 4
+1 4
+1 4
+1 4
+1 2
+1 2
+1 2
+1 2
+1 2
+7 2
+2 3
+4 8
+1 8
+1 1
+1 1
+1 1
+1 1
+1 1
+1 1
+1 1
+1 1
+1 1
+1 1
+1 1
+4 9
+1 9

fl=(42) /build/glibc-9tT8Do/glibc-2.23/elf/dl-cache.c
fn=(140) _dl_load_cache_lookup
185 9
+8 2
+3 3
+51 2
+9 1
+6 2
-6 4
+6 1
cfi=(24) /build/glibc-9tT8Do/glibc-2.23/io/../sysdeps/unix/syscall-template.S
cfn=(68) access
calls=1 84 
* 9
+19 1
-19 1
+19 132
cfn=(144) _dl_cache_libcmp
calls=9 138 
* 656
* 54
-15 4
+15 14
cfn=(144)
calls=1 138 
* 71
* 7
-82 4
cfi=(34)
cfn=(142) _dl_sysdep_read_whole_file
calls=1 45 
* 94
+8 1
-8 1
+8 4
+1 4
cfi=(14)
cfn=(30)
calls=1 24 
* 38
* 2
+7 1
-3 1
+3 3
+3 1
+1 2
-1 1
+1 1
+1 4
cfi=(14)
cfn=(30)
calls=1 24 
* 32
* 2
+61 21
+16 2
+4 2
+8 3
cfi=(11)
cfn=(22)
calls=1 66 
* 34
* 2
+1 1
-1 4
+1 2
cfi=(18)
cfn=(46)
calls=1 61 
* 28
+1 2
cfi=(29) /build/glibc-9tT8Do/glibc-2.23/string/strdup.c
cfn=(82) strdup
calls=1 40 
* 109
+1 8
-31 9

fn=(144)
138 30
+1 22
+2 100
+2 50
-2 50
+2 2
+6 1
+2 1
-1 1
-1 1
+1 1
+1 4
+2 5
+2 2
+6 98
+2 178
+4 40
+1 40
-29 80
+32 3
-7 18

fn=(204) _dl_unload_cache
322 4
-1 1
+3 2
cfi=(38)
cfn=(206)
calls=1 84 
* 5
+1 1
+2 2

fl=(22) /build/glibc-9tT8Do/glibc-2.23/elf/dl-load.c
fn=(104) _dl_map_object
2167 21
+8 3
-8 6
+8 3
+1 12
+3 42
+5 49
+2 21
cfi=(34)
cfn=(106)
calls=7 288 
* 980
* 14
+4 12
+1 18
+3 2
+2 8
cfi=(19)
cfn=(54)
calls=2 144 
* 68
* 4
2478 24
2213 10
+9 2
-53 2
+53 4
+36 4
-2 2
+2 2
cfi=(28) /build/glibc-9tT8Do/glibc-2.23/string/../sysdeps/x86_64/multiarch/../strchr.S
cfn=(76) index
calls=2 24 
* 46
* 4
2409 2
372 3
cfi=(28)
cfn=(76)
calls=1 24 
* 47
* 2
+4 2
cfi=(29)
cfn=(82)
calls=1 40 
* 128
2410 1
-3 1
+3 2
+4 9
cfn=(108) open_verify.constprop.7
calls=1 1695 
* 299
+3 1
-3 1
+3 3
+12 3
+46 1
+1 3
-1 1
+1 9
cfn=(114) _dl_map_object_from_fd
calls=1 871 
* 1444
-1 1
+1 3
-1 1
+1 9
cfn=(114)
calls=1 871 
* 1738
* 6
2262 2
cfi=(11)
cfn=(22)
calls=1 66 
* 16
* 1
+2 1
-2 1
+2 1
+7 4
+35 2
+1 14
cfn=(136) open_path
calls=1 2018 
* 777
+6 2
-6 1
+6 3
638 1
2314 1
638 2
2401 2
+28 3
+2 4
2275 1
+5 1
-5 1
+5 1
+3 2
-3 1
+3 7
-3 3
638 1
2281 1
638 2
2336 1
-14 1
+14 1
+2 3
+4 2
cfi=(42)
cfn=(140)
calls=1 185 
* 1396
+2 1
-2 1
+2 1
+4 2
+8 3
+23 10
cfn=(108)
calls=1 1695 
* 370
+4 1
-4 1
+4 3
+1 2
-89 3
+1 8
638 1
2297 1
638 2

fn=(64) _dl_init_paths
661 1
+13 2
-13 8
+13 3
cfi=(23) /build/glibc-9tT8Do/glibc-2.23/elf/dl-hwcaps.c
cfn=(66) _dl_important_hwcaps
calls=1 39 
* 398
+5 1
-5 1
+5 1
cfi=(17)
cfn=(40)
calls=1 94 
* 29
* 1
+1 1
-2 1
+2 2
+8 1
-1 1
+1 2
-1 1
+1 1
-1 3
+5 1
-5 1
+5 1
cfi=(17)
cfn=(40)
calls=1 94 
* 80
* 1
+2 1
-3 1
+3 1
+17 1
+12 1
-9 2
+6 1
-19 1
+10 1
+12 1
-11 1
+2 1
+1 4
-15 1
+23 4
-3 21
cfi=(27)
cfn=(74)
calls=4 53 
* 60
* 4
+3 27
-14 3
+2 3
+1 3
+2 6
-3 3
+4 9
+4 3
-3 3
+3 3
+1 3
-4 9
+4 3
+10 1
+4 1
-11 1
+6 1
+6 1
-12 1
+12 1
+2 4
+2 3
+38 5
+8 3
cfi=(28)
cfn=(76)
calls=1 24 
* 23
* 2
+2 2
cfi=(11)
cfn=(22)
calls=1 66 
* 16
* 8
cfi=(18)
cfn=(46)
calls=1 61 
* 31
* 1
+4 6
+17 1
-4 4
-13 52
+17 13
-4 53
+8 1
cfi=(17)
cfn=(40)
calls=1 94 
* 29
* 1
+1 1
-2 1
+2 1
+6 9
cfn=(78) fillin_rpath
calls=1 433 
* 605
+4 5
+6 1
+4 8
-75 1
-2 1
+2 2
+14 2

fn=(114)
871 22
+10 2
-10 2
+10 2
-10 6
+10 2
cfi=(30)
cfn=(88)
calls=2 50 
* 16
fi=(35) /build/glibc-9tT8Do/glibc-2.23/elf/../sysdeps/posix/dl-fileid.h
37 6
fe=(22)
881 2
fi=(35)
37 2
cfi=(36)
cfn=(120)
calls=2 -3 
* 20
* 4
+4 2
fe=(22)
897 2
fi=(35)
40 2
+1 2
fe=(22)
897 29
+1 10
fi=(35)
49 12
fe=(22)
1443 16
915 4
+24 4
+10 4
+22 8
+32 4
882 2
1006 14
cfi=(15)
cfn=(32)
calls=2 61 
* 831
+1 2
-1 2
+1 2
+11 4
+1 2
-1 2
+2 2
-1 2
+4 2
-1 4
-2 2
+2 4
+1 6
+1 2
+19 2
-2 2
+10 2
-8 12
+8 2
-8 6
+8 2
+87 2
+8 2
-8 8
+8 2
-8 6
-86 32
-1 136
+1 95
+6 4
+1 6
+1 2
+9 20
+5 32
+9 12
-1 12
+1 4
+1 8
+2 4
-2 4
+1 4
-1 4
+3 4
+4 4
-7 4
+2 4
+1 4
+4 4
+1 12
+4 6
-14 2
+14 12
+11 2
-11 6
-14 2
+14 12
+11 2
-44 2
+1 1
+46 3
+4 1
+1 1
+1 1
-1 2
+1 1
+3 3
+1 1
+3 1
-3 1
+7 4
+6 1
cfi=(31) /build/glibc-9tT8Do/glibc-2.23/elf/dl-tls.c
cfn=(146) _dl_next_tls_modid
calls=1 49 
* 8
* 2
+1 1
+59 4
+1 6
+1 2
-6 4
+1 2
+8 6
1019 2
1207 2
1019 2
1207 2
+10 6
fi=(37) /build/glibc-9tT8Do/glibc-2.23/elf/./dl-map-segments.h
56 4
fe=(22)
1217 6
fi=(37)
56 2
fe=(22)
1217 2
fi=(37)
56 2
fe=(22)
1217 4
fi=(37)
56 12
cfi=(26)
cfn=(72)
calls=2 -23 
* 70
+4 2
-4 2
+4 4
+3 4
+1 2
+2 2
-2 2
-1 2
+3 2
+10 4
fi=(39) /build/glibc-9tT8Do/glibc-2.23/elf/./dl-load.h
+14 8
+1 6
+2 8
fi=(37)
+7 16
+6 2
+2 2
-2 2
+1 2
+2 2
-1 2
+1 2
-1 6
+8 4
+17 4
+12 4
-59 20
+2 4
+2 2
-2 4
+2 20
cfi=(26)
cfn=(72)
calls=2 -57 
* 62
* 6
fe=(22)
1229 8
+9 4
fi=(3) /build/glibc-9tT8Do/glibc-2.23/elf/get-dynamic-info.h
39 2
fe=(22)
1238 2
fi=(3)
39 2
+6 2
-2 2
+2 4
+15 2
+5 2
+3 2
-1 2
-3 2
-3 36
+10 8
-26 24
+16 35
+10 35
-26 105
+26 2
-26 6
+2 90
+13 40
+2 8
+3 8
+13 4
+20 7
+1 8
+1 8
+1 8
+2 8
+5 8
+1 7
+1 8
+6 6
+5 4
+7 4
+1 6
+16 6
+5 1
+2 1
-2 1
+2 1
+2 2
+2 2
+3 6
+10 1
-8 4
+8 1
+5 2
+3 4
fe=(22)
1245 4
+15 6
+19 4
+2 10
+54 6
+1 2
+3 2
cfi=(24)
cfn=(130) close
calls=1 84 
* 5
* 2
cfi=(24)
cfn=(130)
calls=1 84 
* 5
* 4
+9 4
+2 6
+2 2
-2 2
+2 2
+16 4
cfi=(6)
cfn=(10)
calls=2 956 
* 46
+4 4
+1 4
+17 4
+9 2
-5 6
+5 2
+10 4
+10 6
cfi=(15)
cfn=(48)
calls=2 32 
* 82
+4 8
fi=(3)
68 8
+2 10
fe=(22)
1391 2
fi=(37)
119 4
+8 16
cfi=(27)
cfn=(74)
calls=2 -74 
* 283
* 8
-54 8
-1 12
cfi=(38)
cfn=(124)
calls=2 +12 
* 10
* 2
fi=(39)
+22 5
+1 11
+3 4
fi=(37)
+39 9
cfi=(26)
cfn=(72)
calls=1 33 
* 31
+3 3
fe=(22)
1233 2

fn=(108)
1695 66
+39 6
-39 18
+39 22
+31 24
cfi=(24)
cfn=(110) open
calls=6 84 
* 46
+2 6
-2 6
+2 8
+10 2
+1 4
+5 16
cfi=(24)
cfn=(112) read
calls=2 84 
* 10
+2 4
+2 2
+2 2
-2 4
+2 2
+6 4
+16 8
cfi=(14)
cfn=(30)
calls=2 24 
* 57
* 18
cfi=(14)
cfn=(30)
calls=2 24 
* 72
* 4
+74 4
+5 4
+2 8
+6 4
+11 4
+6 2
+1 2
-1 8
+1 2
-1 2
+1 4
+1 6
+20 106
+2 36
+4 8
+1 6
+12 14
+4 6
+5 1
+1 1
-13 4
cfi=(14)
cfn=(30)
calls=1 24 
* 25
* 8
cfi=(14)
cfn=(30)
calls=2 24 
* 60
* 6
+16 2
+3 7
+3 3
+1 5
-39 2
+67 20
-23 4
+23 28
1804 2
+7 4
cfi=(14)
cfn=(30)
calls=1 24 
* 24
* 2

fn=(78)
433 8
+2 1
-2 9
+5 1
cfi=(17)
cfn=(80)
calls=1 -84 
* 238
* 4
-66 3
cfi=(28)
cfn=(76)
calls=1 24 
* 23
* 2
+4 2
cfi=(29)
cfn=(82)
calls=1 40 
* 94
* 1
+68 2
cfi=(11)
cfn=(22)
calls=1 66 
* 16
+4 1
-4 1
+4 1
+22 15
+1 8
+55 2
+2 2
cob=(2)
cfi=(16)
cfn=(84)
calls=1 0 
* 7
* 2
-90 1
cfi=(17)
cfn=(80)
calls=1 -84 
* 6
* 3
+94 1
+3 9
-46 2
+4 2
-1 4
cfi=(17)
cfn=(40)
calls=1 94 
* 29
* 1
+3 1
-3 1
+3 2
+5 1
+1 2
-2 1
+2 1
cfi=(25)
cfn=(70)
calls=1 61 
* 31
+3 1
-3 1
+1 1
+2 1
+6 2
+1 1
-1 2
+1 13
+1 11
-1 2
+3 2
+1 3
+7 1
+1 1
-1 2
-67 6
+8 1
-3 3
+3 2
+26 2
-34 2
+65 2
-9 2

fn=(136)
2018 8
+1 1
+6 1
-6 1
+6 1
+5 9
+52 1
-59 1
-1 1
+60 1
-52 8
+74 4
-62 1
-9 1
+9 1
+7 4
cfi=(25)
cfn=(70)
calls=1 61 
* 31
+1 1
-1 1
+1 5
+20 8
-20 15
+3 8
+5 8
-1 4
+1 8
-1 12
cfi=(25)
cfn=(70)
calls=4 61 
* 85
* 16
cfi=(25)
cfn=(70)
calls=4 61 
* 92
-1 4
+7 4
-7 4
+7 4
+3 36
cfn=(108)
calls=4 1695 
* 176
* 4
+2 20
+67 7
+7 1
-2 1
+2 3
+3 3
+14 1
-27 1
+27 7
-84 8
+1 36
+6 4
+2 4
-2 4
+2 8
-2 4
+2 4
cfi=(41) /build/glibc-9tT8Do/glibc-2.23/io/../sysdeps/unix/sysv/linux/wordsize-64/xstat.c
cfn=(138) _xstat
calls=4 34 
* 49
* 8
+1 1
+2 1
-2 1
+2 7
+7 3
-7 3
+7 9
-30 3
+23 6

fl=(29)
fn=(82)
40 12
+1 3
cfi=(11)
cfn=(22)
calls=3 +25 
* 84
* 3
+1 6
cfi=(17)
cfn=(40)
calls=3 +52 
* 87
* 3
+2 6
+4 3
-1 6
+1 6
-1 6
cfi=(18)
cfn=(46)
calls=3 +14 
* 106

fl=(23)
fn=(66)
39 6
+3 1
-3 2
+3 1
-1 1
+1 1
+9 1
-12 4
+12 2
+10 4
162 2
-47 3
cfi=(24)
cfn=(68)
calls=1 -31 
* 9
* 2
+55 3
+2 2
+1 5
+4 2
+4 1
-4 1
+1 1
+3 1
+3 1
+1 1
-1 1
+4 3
+1 1
-1 9
+1 1
+18 10
+1 2
-1 1
+1 3
cfi=(17)
cfn=(40)
calls=1 94 
* 29
* 1
+1 1
-1 1
+1 5
+29 1
+3 1
-3 2
+3 1
+23 7
+6 2
-1 2
+1 6
-1 8
+5 6
+3 1
-3 1
+3 1
-3 3
+3 1
-3 1
+3 5
+1 12
+1 4
-1 4
+1 8
-2 4
+1 8
-1 14
+4 4
+4 1
-1 1
+2 1
-2 1
+1 1
+1 1
-2 1
+2 10
+13 2
+1 1
-1 1
+3 2
-3 2
+1 1
-1 1
+3 2
+3 4
+3 1
-1 1
+1 9
113 1
+17 1
+1 1
-1 9
243 6
cfi=(25)
cfn=(70)
calls=1 61 
* 22
* 4
cfi=(25)
cfn=(70)
calls=1 61 
* 18
+1 4
cfi=(25)
cfn=(70)
calls=1 61 
* 22
* 4
cfi=(25)
cfn=(70)
calls=1 61 
* 18
* 12

fl=(9)
fn=(60) _dl_discover_osversion
45 7
+2 3
+85 8
-45 3
cfi=(21) /build/glibc-9tT8Do/glibc-2.23/posix/../sysdeps/unix/syscall-template.S
cfn=(62) uname
calls=1 -3 
* 5
* 1
+15 1
-15 1
+20 1
-1 1
+3 12
+4 3
-2 6
+2 9
+7 3
-1 3
+4 3
-2 3
+2 10
+5 2

fl=(19)
fn=(54)
144 232
+1 232
+2 232
+1 232
+21 232
+1 232
+1 172
+1 172
+1 133
+1 133
+1 133
+1 133
+21 133
+1 133
+1 133
+1 133
+1 133
+1 133
+1 133
+5 4
+1 4
+9 4
+1 4
+1 4
+1 4
+1 4
+1 4
+1 4
+1 4
-7 99
+1 99
+1 99
+1 99
+1 99
+1 99
+1 99
+1 99
+1 101
+1 26
+1 26
+1 26
+2 26
+1 26
+1 26
+1 26
+1 26
+1 26
-5 75
+1 75
+1 75
+1 75
+1 75
+1 75
+10 2
+1 2
+1 2
+2 2
+6 2
+1 2
+1 2
+1 2
+1 2
+5 2
+2 1
+1 1
+1 2
+8 1
+1 1
+3 1
+1 1
+1 1
+1 1
+1 1
+1 1
821 5
+1 5
+1 5
+1 5
+1 5
+2 5
+1 5
+1 5
+1 5
+1 5
+1 5
+1 5
+1 3
+4 3
+1 3
+1 3
+6 3
+1 3
+1 6
+4 3
+1 3
+3 3
+1 3
+1 3
+3 3
+1 3
+1 3
+6 3
+1 3
+1 3
+1 3
+1 3
+1 3
1071 1
+1 1
+1 1
+1 1
+1 1
+2 1
+1 1
+1 1
+1 1
+1 1
+1 1
+1 1
+1 1
+4 1
+1 1
+1 1
+6 1
+1 1
+1 2
+4 1
+1 1
+3 1
+1 1
+1 1
+3 1
+1 1
+1 1
+6 1
+1 1
+1 1
+1 1
+1 1
+1 1
+72 4
+1 4
+1 4
+1 4
+1 4
+2 4
+1 4
+1 4
+1 4
+1 4
+1 4
+1 4
1321 82
+1 82
+1 82
+1 82
+1 82
+2 82
+1 82
+1 82
+1 82
+1 82
+1 82
+1 82
+1 3
+4 3
+1 3
+1 3
+6 3
+1 3
+1 6
+4 3
+1 3
+3 3
+1 3
+1 3
+3 3
+1 3
+1 3
+6 3
+1 3
+1 3
+1 3
+1 3
+1 3
1571 2
+1 2
+1 2
+1 2
+1 2
+2 2
+1 2
+1 2
+1 2
+1 2
+1 2
+1 2
+1 1
+4 1
+1 1
+1 1
+6 1
+1 1
+1 2
+4 1
+1 1
+3 1
+1 1
+1 1
+3 1
+1 1
+1 1
+6 1
+1 1
+1 1
+1 1
+1 1
+1 1
+72 1
+1 1
+1 1
+1 1
+1 1
+2 1
+1 1
+1 1
+1 1
+1 1
+1 1
+1 1
1821 3
+1 3
+1 3
+1 3
+1 3
+2 3
+1 3
+1 3
+1 3
+1 3
+1 3
+1 3
+1 3
+4 3
+1 3
+1 3
+6 3
+1 3
+1 6
+4 3
+1 3
+3 3
+1 3
+1 3
+3 3
+1 3
+1 3
+6 3
+1 3
+1 3
+1 3
+1 3
+1 3
+72 1
+1 1
+1 1
+1 1
+1 1
+2 1
+1 1
+1 1
+1 1
+1 1
+1 1
+1 1
+1 1
+4 1
+1 1
+1 1
+6 1
+1 1
+1 2
+4 1
+1 1
+3 1
+1 1
+1 1
+3 1
+1 1
+1 1
+6 1
+1 1
+1 1
+1 1
+1 1
+1 1
+72 2
+1 2
+1 2
+1 2
+1 2
+2 2
+1 2
+1 2
+1 2
+1 2
+1 2
+1 2
2200 13
+2 13
+1 13
+1 13
+1 13
-3 90
+1 90
+1 90
+1 90
+1 78
+5 26
+6 26
+1 26
+8 26
+1 26
-16 206
+6 206
+1 206
+8 206
+1 206

fl=(34)
fn=(106)
288 270
+1 108
cfi=(19)
cfn=(54)
calls=54 144 
* 2138
* 54
+1 54
-1 54
+3 54
+2 108
+4 55
-4 110
+1 174
cfi=(19)
cfn=(54)
calls=58 144 
* 2401
* 116
-5 3
+11 66
-1 51
+1 204

fn=(142)
45 2
+7 1
-7 3
+7 1
-7 3
+7 1
cfi=(24)
cfn=(110)
calls=1 +32 
* 5
+1 2
+2 5
cfi=(36)
cfn=(120)
calls=1 -21 
* 10
* 2
+2 1
+3 1
-3 1
+3 1
+13 2
cfi=(24)
cfn=(130)
calls=1 +11 
* 5
+3 7
-14 6
cfi=(26)
cfn=(72)
calls=1 -29 
* 33
* 2

fl=(40)
fn=(134)
60 4
+7 2
-4 22
cfi=(22)
cfn=(104)
calls=2 2167 
* 5398
* 2
+5 4

fn=(132) _dl_map_object_deps
161 1
-1 1
+1 1
-1 4
+1 1
-1 2
+1 1
-1 2
+1 1
-1 2
+1 3
-15 1
+15 1
-17 1
+1 1
+1 1
+6 4
+26 1
-26 1
+26 7
-34 1
+2 1
+33 2
-33 1
-2 1
+2 2
-2 1
+1 1
+1 1
+6 3
+26 1
-26 1
+26 5
+4 1
+21 1
+1 1
-22 2
+19 1
-12 1
+15 1
-16 2
+13 1
317 9
217 1
-4 1
-4 1
+8 4
-4 3
-4 3
+8 3
+12 8
+2 2
+11 2
-5 2
-6 4
+5 2
+2 4
+1 4
+3 14
+50 6
+1 3
-51 192
+1 96
+6 10
cfi=(28)
cfn=(76)
calls=2 24 
* 70
* 4
+5 10
-3 2
+3 2
cfi=(32)
cfn=(96)
calls=2 -91 
* 5556
+2 6
+15 2
+2 4
+5 2
+6 2
+2 2
-8 4
+3 2
+1 2
+1 2
+1 2
+4 12
+7 138
459 12
+2 6
+2 6
cfi=(17)
cfn=(40)
calls=2 94 
* 58
* 2
+2 2
-2 2
+2 2
+4 8
-1 2
+1 2
cfi=(18)
cfn=(46)
calls=2 61 
* 41
+1 10
cfi=(18)
cfn=(46)
calls=2 61 
* 41
+4 2
-1 2
+5 22
+7 6
+1 1
+3 5
+10 4
cfi=(17)
cfn=(40)
calls=1 94 
* 29
* 1
+3 1
-3 1
+3 1
+5 6
+1 1
-1 3
+1 2
+8 2
+4 3
-4 1
-6 3
-2 3
+8 6
+4 9
-4 3
-6 9
+13 3
+51 3
+2 3
+42 1
-4 1
+5 2
-1 4
+1 2
cfi=(27)
cfn=(74)
calls=1 53 
* 15
* 1
-2 9
+7 1
-1 1
+1 1
-1 2
+7 1
-7 1
+7 2
-13 2
+7 2
-1 2
+1 2
-1 4
+7 2
-7 2
+7 6
+2 8
+1 4
-1 4
+1 3
+2 9
+1 6
+28 18
cfi=(27)
cfn=(74)
calls=2 53 
* 37
* 10
-6 3
-28 6
+31 10
-6 2
+16 2
+2 1
+1 1
-1 1
+2 3
+7 3
+3 3
+3 8
481 9
-1 4
+1 9
202 2
+27 8
-19 4
+8 25
+2 2
+2 8
+2 30
338 6
611 8
cfi=(18)
cfn=(46)
calls=1 61 
* 28
+2 1
-38 1
+38 1
209 2

fl=(44) /build/glibc-9tT8Do/glibc-2.23/elf/dl-reloc.c
fn=(164) _dl_relocate_object
149 40
+15 4
-15 8
+15 4
+1 24
+6 8
+6 12
-18 8
+22 8
+7 4
-32 4
+32 4
+44 4
fi=(5)
76 12
fe=(44)
232 8
fi=(5)
76 12
+6 6
+4 9
+14 3
-8 3
+10 3
-2 6
+20 6
+9 3
fe=(44)
258 164
-98 18
fi=(5)
301 24
fe=(44)
-43 3
fi=(4) /build/glibc-9tT8Do/glibc-2.23/elf/do-rel.h
58 3
-10 3
-1 6
+11 3
-11 3
+11 3
fe=(44)
258 1
-98 6
fi=(5)
301 8
fe=(44)
-43 1
fi=(4)
58 1
-10 1
-1 2
+11 1
-11 1
+11 1
fe=(44)
258 4
fi=(4)
58 4
-10 4
-1 8
+11 4
-11 4
+11 4
+3 15
fi=(5)
528 42
+4 42
+2 63
+1 21
fi=(4)
61 84
+2 116
+2 26
-4 3
+13 6
+1 5
+1 16
fi=(5)
528 8
+26 8
fi=(4)
75 8
fi=(5)
554 16
cob=(3)
cfi=(52) ???
cfn=(196) memcpy@GLIBC_2.2.5
calls=1 0 
* 18
cob=(3)
cfi=(51) /build/glibc-9tT8Do/glibc-2.23/time/../sysdeps/unix/sysv/linux/x86/gettimeofday.c
cfn=(192) gettimeofday
calls=1 37 
* 66
cob=(3)
cfi=(50) /build/glibc-9tT8Do/glibc-2.23/string/../sysdeps/x86_64/multiarch/strspn.S
cfn=(190) strspn
calls=1 30 
* 6
cob=(3)
cfi=(49) /build/glibc-9tT8Do/glibc-2.23/string/../sysdeps/x86_64/multiarch/strcspn.S
cfn=(188) strpbrk
calls=1 45 
* 6
cob=(3)
cfi=(45)
cfn=(186) strncasecmp
calls=1 129 
* 5
cob=(3)
cfi=(49)
cfn=(184) strcspn
calls=1 45 
* 6
cob=(3)
cfi=(46)
cfn=(178)
calls=1 38 
* 66
cob=(3)
cfi=(45)
cfn=(176) strcasecmp
calls=1 109 
* 5
fi=(4)
75 8
fi=(5)
555 8
fi=(4)
75 11
fe=(44)
258 2
fi=(4)
75 14
fe=(44)
258 14
+3 16
+24 4
+3 8
+17 12
+2 32
fi=(4)
84 5
-1 5
+3 10
-3 5
+3 5
+12 15
+10 6
+3 8
fi=(5)
512 2
fi=(4)
112 4
fi=(5)
512 1194
fi=(4)
112 2380
fi=(5)
512 2380
+5 2384
+1 2384
fi=(4)
111 2384
fi=(5)
518 1192
fi=(4)
111 1192
+7 15
+6 4
-3 8
+3 10
fi=(5)
447 9
fi=(4)
127 372
+9 186
+3 93
-3 93
+3 93
fi=(5)
269 93
fi=(4)
138 93
-2 93
+1 372
fi=(5)
269 93
+21 186
+4 186
+7 1774
fi=(4)
137 75
fi=(5)
301 150
fi=(4)
137 75
fi=(5)
301 75
fi=(4)
137 75
fi=(5)
301 150
fi=(4)
137 1
fi=(5)
301 2
fi=(4)
137 1
fi=(5)
301 1
fi=(4)
137 1
fi=(5)
301 1066
cfi=(6)
cfn=(170)
calls=76 806 
* 42344
* 608
+2 237
+3 91
-3 182
+3 273
+6 558
fe=(44)
178 8
fi=(5)
435 234
fi=(4)
124 285
+19 6
fi=(5)
301 57
fi=(4)
108 3
fi=(5)
407 42
+4 70
+14 70
+49 3
+4 7
cfi=(18)
cfn=(46)
calls=1 61 
* 18
+2 4
+1 1
fe=(44)
313 20
+3 4
-3 8
+3 4
+4 8
+1 16
cfi=(38)
cfn=(124)
calls=4 84 
* 20
* 12
fi=(5)
123 15
+6 12
fe=(44)
258 3
fi=(4)
129 8
fi=(5)
301 87
fi=(4)
160 7
+2 20
+8 10
+1 5
-1 5
+1 5
fi=(5)
+98 5
fi=(4)
-99 15
fi=(5)
+99 5
+21 10
+4 10
+7 180
cfi=(6)
cfn=(170)
calls=5 806 
* 2409
* 35
+2 15
+3 1
-3 2
+3 3
+6 30
435 15
fi=(4)
160 17
+14 2
fi=(5)
301 6
fe=(44)

fl=(2)
fn=(94) do_preload
654 4
+12 1
-12 2
+10 1
-4 1
+1 1
+5 4
-10 1
+6 1
+4 1
cfi=(32)
cfn=(96)
calls=1 163 
* 2434
+1 3
+10 3
+4 5

fn=(102)
480 1
+2 1
-2 1
+3 8
cfi=(22)
cfn=(104)
calls=1 2167 
* 2358
* 1
+2 2

fn=(150)
513 2
+2 4
cfi=(43) /build/glibc-9tT8Do/glibc-2.23/elf/dl-version.c
cfn=(152) _dl_check_all_versions
calls=1 380 
* 3003
* 2
+4 2

fn=(158) init_tls
573 1
+6 1
-6 1
+2 2
+4 1
+10 4
cfi=(17)
cfn=(36)
calls=1 103 
* 38
* 1
+11 1
-5 1
-7 1
+6 1
+2 1
-1 1
+5 1
+2 1
-1 1
+1 10
+2 8
+4 1
+2 1
-2 2
-5 8
+9 3
+3 1
cfi=(31)
cfn=(160) _dl_determine_tlsoffset
calls=1 138 
* 71
+7 1
cfi=(31)
cfn=(162) _dl_allocate_tls_storage
calls=1 354 
* 439
+1 1
-1 1
+1 1
+6 1
+3 1
-3 1
+3 6
+3 1
+2 1
+1 2

fn=(52)
694 10

fn=(98)
648 8

fn=(26)
738 1
+19 1
-19 7
2353 1
738 3
+19 1
+3 1
-22 1
2348 1
760 1
+4 2
+1 2
+5 2
2346 2
+7 4
-4 1
+4 8
+2 2
cfi=(13) /build/glibc-9tT8Do/glibc-2.23/elf/dl-environ.c
cfn=(28) _dl_next_ld_env_entry
calls=1 30 
* 80
* 4
cfi=(13)
cfn=(28)
calls=2 30 
* 411
* 9
+4 50
+1 19
-1 57
+3 4
+6 14
2514 3
+30 3
780 3
981 7
cfi=(15)
cfn=(32)
calls=1 61 
* 250
+2 1
-2 1
+2 1
+1 1
+1 1
+5 2
-5 1
+1 2
+4 1
cfi=(15)
cfn=(48)
calls=1 32 
* 33
+1 3
747 1
1020 1
-3 1
-5 1
+1 1
+2 1
+5 7
+56 5
-55 24
-1 27
+1 47
1123 5
+3 2
+2 2
+2 3
+13 3
+1 6
cfi=(19)
cfn=(54)
calls=1 144 
* 44
* 2
+7 1
+3 1
-5 1
+3 1
+2 1
+1 2
+4 2
+2 2
fi=(3)
30 1
+9 2
+6 1
-2 1
+2 2
+15 1
+5 1
+3 1
+2 1
-3 1
-3 1
-3 14
+10 3
-26 9
+16 19
+10 19
-26 57
+26 1
-26 3
+2 46
+13 16
+2 4
+16 3
+38 3
+5 2
+7 2
+1 3
+16 3
+14 3
+18 2
fe=(2)
1166 2
cfi=(6)
cfn=(10)
calls=1 956 
* 23
+3 2
fi=(20) /build/glibc-9tT8Do/glibc-2.23/elf/setup-vdso.h
24 2
fe=(2)
1191 1
cfi=(9)
cfn=(60)
calls=1 45 
* 85
* 8
-75 2
+1 2
+1 1
-6 2
+1 1
-88 3
+1 1
+50 2
-1 8
+2 4
+1 1
+3 2
+1 2
-1 2
+1 2
+1 2
+1 6
+1 2
-43 1
-2 2
+27 1
-25 2
+7 1
-10 1
+10 1
-19 3
+1 1
fi=(3)
65 4
+3 4
+2 4
fe=(2)
2442 4
cfi=(14)
cfn=(30)
calls=1 24 
* 31
* 2
+2 3
-55 4
cfi=(14)
cfn=(30)
calls=1 24 
* 18
* 2
+7 4
cfi=(14)
cfn=(30)
calls=1 24 
* 36
* 2
+2 3
1185 3
+11 2
cfi=(22)
cfn=(64)
calls=1 661 
* 1629
+3 3
cfi=(30)
cfn=(88)
calls=1 50 
* 17
+7 1
-7 1
+2 1
+5 1
+3 3
+1 1
+3 1
-3 3
+1 2
+3 1
+5 1
-7 1
+7 1
+1 5
+17 2
+1 2
+5 1
-3 4
+2 2
+1 3
+5 3
+1 5
+2 2
+1 2
+5 2
+5 1
753 1
1262 2
1439 1
cfi=(31)
cfn=(90) _dl_count_modids
calls=1 115 
* 4
* 1
+8 3
+3 1
+4 3
+5 1
+1 1
cfi=(30)
cfn=(92)
calls=1 74 
* 1
+1 1
+4 3
+15 3
+4 1
-2 1
+2 2
+31 3
cfi=(24)
cfn=(68)
calls=1 84 
* 9
* 2
+77 1
1481 1
1592 3
+17 3
+1 1
-1 1
+1 2
-1 1
+1 5
cfi=(40)
cfn=(132)
calls=1 161 
* 6952
+1 1
+2 2
+3 1
-3 3
+3 1
-3 1
+3 3
+1 4
-1 2
+1 12
-1 6
+4 3
+1 3
+1 1
+2 2
+1 6
-1 5
+1 5
-1 3
-28 5
+1 1
-1 3
+4 3
+1 1
+1 2
+1 3
+34 1
+1 2
-1 1
+1 1
+2 1
+2 3
+2 1
-4 1
+5 1
-1 2
+14 2
+1 2
+1 3
+11 1
+2 1
-2 1
+2 2
-1 1
+1 1
-2 3
+2 1
cfi=(32)
cfn=(148)
calls=1 205 
* 3043
+10 1
+1 1
-1 1
+1 1
+1 1
cfn=(158)
calls=1 573 
* 619
* 1
+2 2
703 1
+2 3
fi=(121) /build/glibc-9tT8Do/glibc-2.23/elf/../sysdeps/unix/sysv/linux/dl-osinfo.h
77 1
fe=(2)
714 1
+7 1
-5 1
1692 3
1922 3
2092 4
+2 1
+5 3
cfi=(31)
cfn=(200) _dl_allocate_tls_init
calls=1 450 
* 147
+3 2
+9 3
+2 2
+15 1
+2 1
-2 2
+3 1
-3 1
+3 1
-3 1
+3 3
cfi=(44)
cfn=(164)
calls=1 149 
* 3984
+1 1
+2 6
+8 1
cfi=(7)
cfn=(202)
calls=1 256 
* 1
+4 3
+20 3
cfi=(30)
cfn=(88)
calls=1 50 
* 8
+1 1
-1 1
+2 1
cfi=(30)
cfn=(92)
calls=1 74 
* 1
+1 1
+4 1
cfi=(42)
cfn=(204)
calls=1 322 
* 15
+5 8
2043 3
+7 1
+2 3
+19 1
-19 4
+2 1
+2 12
+5 8
+2 8
+6 4
+2 8
+1 24
cfi=(44)
cfn=(164)
calls=3 149 
* 66420
+4 14
-22 10
+25 1
+2 5
+6 1
-6 1
+6 1
-10 2
cfi=(31)
cfn=(198) _dl_add_to_slotinfo
calls=1 890 
* 20
* 1
-12 1
+1 1
-3 2
-85 1
+11 1
-7 1
-4 1
+4 3
+4 2
+3 1
1491 2
cfi=(11)
cfn=(22)
calls=1 66 
* 34
* 8
cfi=(18)
cfn=(46)
calls=1 61 
* 47
* 1
+3 6
+3 3
cfi=(17)
cfn=(80)
calls=1 354 
* 766
* 3
cfi=(17)
cfn=(80)
calls=1 354 
* 6
* 6
+1 2
+1 3
+2 4
cfn=(94)
calls=1 654 
* 2462
* 2
1635 2
1503 1
+2 6

fn=(50)
688 10

fn=(2)
337 9
+18 4
fi=(5)
59 1
fe=(2)
355 1
fi=(3)
45 1
fi=(5)
+14 2
fe=(2)
381 1
fi=(3)
45 1
fe=(2)
378 1
fi=(3)
45 1
+25 2
-3 1
-7 1
+5 1
+3 1
+2 1
-3 1
-3 1
-3 2
-13 26
+23 13
-26 39
+26 1
-26 3
+2 36
+13 20
+1 16
+10 4
-26 12
+33 2
+20 4
+1 4
+1 4
+1 4
+2 4
+5 4
+1 4
+1 4
+6 3
+5 2
+7 3
+1 3
+8 3
+2 3
+3 2
+1 2
fe=(2)
392 2
286 1
399 1
286 1
cfi=(6)
cfn=(10)
calls=1 956 
* 23
+1 2
+1 2
+1 2
+1 2
+8 1
+9 1
-9 3
+9 1
-6 1
-3 1
+9 1
cfi=(7)
cfn=(12)
calls=1 86 
* 89093
* 1
+9 1
+3 4
+4 1
-4 1
+4 1
424 9
fi=(3)
62 4
+3 4
fe=(2)
397 26
fi=(4)
84 1
+27 1
-28 1
+28 2
+1 2
fi=(5)
517 2
fi=(4)
112 18
fi=(5)
517 18
+1 20
fi=(4)
111 20
fi=(5)
518 10
fi=(4)
111 10
+5 2
+8 1
fi=(5)
312 1
fi=(4)
124 2
+12 1
+1 3
fi=(5)
266 1
fi=(4)
137 1
fi=(5)
294 1
fi=(4)
137 2
fi=(5)
294 1
fi=(4)
136 5
+1 15
fi=(5)
266 5
fi=(4)
137 5
fi=(5)
294 5
fi=(4)
137 10
fi=(5)
294 5
+9 12
+3 6
-3 12
+3 18
+6 36
fi=(3)
68 4
+2 3
fi=(5)
425 12
fi=(4)
124 19
fe=(2)

fl=(33)
fn=(100)
26 3
+9 3
+1 6
+1 3
+4 3
+1 3
+1 3
+1 3
+1 3
+2 6
+2 3
+1 3
+1 3
+2 6
+2 3
+4 3
+1 3

fl=(24)
fn=(68)
84 12
+2 15

fn=(130)
84 12
+1 3

fn=(110)
84 28
+1 3
+1 20

fn=(112)
84 8
+1 2

fl=(28)
fn=(76)
24 7
+1 7
+1 7
+1 7
+1 7
+1 7
+1 7
+1 7
+1 7
+1 7
+1 7
+1 7
+1 7
+1 7
+1 7
+1 7
+1 7
+1 5
+4 5
+1 5
+1 5
+1 5
+2 5
+4 2
+1 2
+1 2
+1 2
+1 2
+1 2
+1 2
+1 2
+1 2
+1 2
+1 2
+1 2
+1 2
+1 2
+1 2
+1 2
+1 2
+1 2
+1 2
+1 2
+1 2
+1 2
+1 2
+1 2
+52 2
+4 2
+1 2
+1 2
+1 2
+2 2

fl=(26)
fn=(72)
33 9
-1 90
+1 23
+1 90
+2 63
-3 20

fl=(41)
fn=(138)
34 4
-1 4
+1 4
+1 24
+4 1
-4 12

fl=(53)
fn=(212) call_init.part.0
28 20
+8 4
+3 4
-3 8
+3 12
+5 21
+5 4
+9 12
cob=(3)
cfi=(55) /build/glibc-9tT8Do/glibc-2.23/csu/../csu/init-first.c
cfn=(226) _init
calls=1 -6 
* 176
cob=(2)
cfi=(16)
cfn=(214)
calls=1 -58 
* 6
* 2
+4 4
+6 2
+2 4
-2 4
+3 10
+1 8
cob=(3)
cfi=(61) /build/glibc-9tT8Do/glibc-2.23/string/../sysdeps/x86_64/cacheinfo.c
cfn=(238) init_cacheinfo
calls=1 482 
* 1159
cob=(4) /usr/lib/valgrind/vgpreload_core-amd64-linux.so
cfi=(54) ???
cfn=(218) 0x0000000000000650
calls=1 -72 
* 17
* 4
cob=(3)
cfi=(63) /build/glibc-9tT8Do/glibc-2.23/elf/dl-altinit.c
cfn=(246) dlinit_alt
calls=1 -39 
* 4
* 3
-1 6
+3 24
-29 3
-5 3

fn=(210)
80 11
+1 1
+1 1
+3 3
+8 2
+1 2
+25 15
+1 12
-90 20
cfn=(212)
calls=3 -2 
* 1448
* 3
+96 8
-96 2
+58 2
+16 1
cfn=(212)
calls=1 -76 
* 76
* 1

fl=(10)
fn=(18)
31 7
+8 1
-6 2
+7 1

fl=(12)
fn=(24)
34 4
+8 6
+4 2
+16 5

fl=(117) /build/glibc-9tT8Do/glibc-2.23/elf/dl-fini.c
fn=(538) _dl_fini
130 8
+17 1
+3 15
+3 2
cfi=(2)
cfn=(50)
calls=1 688 
* 2
+2 1
+3 2
+2 6
+8 1
-3 1
+3 8
+7 8
+2 8
+2 4
+1 4
+5 4
-6 4
-6 4
+8 4
-8 9
+14 9
+1 2
+4 1
31 1
+2 1
192 1
33 1
+6 1
-1 1
+2 1
-2 2
+1 8
+1 1
cfi=(27)
cfn=(74)
calls=1 +13 
* 15
* 1
+77 15
+3 16
cfi=(27)
cfn=(74)
calls=2 -67 
* 37
* 6
-76 9
+1 9
+4 12
+6 6
+1 6
+2 15
+1 7
+2 9
+1 6
201 3
cfi=(2)
cfn=(52)
calls=1 694 
* 2
+5 3
81 4
208 1
+2 3
-2 3
+2 9
+3 8
+3 12
+4 4
+9 2
+3 2
-3 2
+3 4
+2 8
+1 4
cob=(4)
cfi=(54)
cfn=(552) 0x0000000000000610
calls=1 0 
* 78
cob=(5)
cfi=(64)
cfn=(540)
calls=1 0 
* 16
-1 8
+5 4
+1 6
cob=(2)
cfi=(16)
cfn=(572)
calls=1 0 
* 3
cob=(2)
cfi=(16)
cfn=(550)
calls=1 0 
* 3
+6 24
+16 8
-56 11
+11 6
92 9
+21 3
-57 8
268 4
+2 1
-2 2
+6 2
+7 8

fl=(13)
fn=(28)
30 3
+3 10
+13 71
-13 213
+2 146
+1 38
+5 2
-3 2
+3 2
+2 2
-12 1
+19 1

fl=(21)
fn=(62)
84 4
+1 1

fl=(43)
fn=(154) _dl_check_map_versions
189 12
-15 36
+17 4
+3 12
-3 4
+2 4
+1 4
+2 4
-3 4
+3 4
+3 4
+4 2
-4 2
+4 8
+17 2
56 4
220 2
56 10
+1 5
-1 10
+2 21
cfi=(34)
cfn=(106)
calls=7 288 
* 848
* 16
228 6
+5 16
+19 3
-15 82
cfn=(156) match_symbol
calls=3 76 
* 392
* 8
cfn=(156)
calls=2 76 
* 182
* 5
+7 30
+3 15
+9 12
+14 4
+3 8
+10 28
-7 112
+3 84
-3 8
+3 6
+8 9
+87 8
-81 12
cfi=(17)
cfn=(36)
calls=3 103 
* 165
* 3
+1 3
-2 3
+2 3
+11 3
+2 3
-5 3
+3 3
+2 3
-2 3
+2 3
+3 8
+4 6
+18 3
-15 9
+2 9
-2 6
+2 6
+2 5
+1 5
-1 10
+1 5
-1 5
+1 5
+1 5
-2 5
+2 10
+1 15
+3 15
+8 6
+10 9
+3 8
+20 28
-14 60
-2 28
+7 56
+1 28
-1 84
+1 28
-1 28
+1 28
+1 28
+3 90
+10 27
183 2
-8 2
+95 4
-80 2

fn=(152)
380 5
+4 7
+2 28
cfn=(154)
calls=4 189 
* 2928
-2 4
+2 12
-1 4
-1 8
+5 7

fn=(156)
76 55
+9 5
-8 5
-1 10
+1 5
+8 5
+6 15
+15 5
+1 10
+2 5
+5 10
+14 58
+12 72
+4 24
-30 48
+19 25
cfi=(19)
cfn=(54)
calls=5 +11 
* 167
* 10
+35 40

fl=(31)
fn=(162)
354 3
+2 1
+11 3
cfi=(17)
cfn=(44)
calls=1 52 
* 76
* 1
+1 2
+7 2
+4 1
-57 1
+57 296
-58 2
+1 2
cfi=(17)
cfn=(36)
calls=1 103 
* 38
* 1
+1 2
+3 1
+6 2
+64 5

fn=(90)
115 2
+1 2

fn=(160)
138 7
+6 3
+3 2
+36 3
+2 10
+3 1
-1 1
+5 2
-5 3
+3 3
+2 5
+16 3
+2 2
-2 2
+2 2
+10 1
-37 2
+25 1
-25 4
+40 4
+1 1
+51 1
+1 8

fn=(200)
450 2
-1 7
+5 1
+6 3
-6 1
+6 1
-4 1
+16 1
-15 3
+20 6
+6 16
+3 1
+1 2
+6 3
+3 1
-2 2
+2 4
+1 1
+3 1
-1 3
+4 2
+1 4
+2 2
+9 6
cfi=(25)
cfn=(70)
calls=1 61 
* 23
* 4
cfi=(27)
cfn=(74)
calls=1 53 
* 30
* 2
-38 3
+52 2
+2 1
+1 8

fn=(146)
49 1
+3 4
+48 1
+4 2

fn=(198)
890 3
+9 1
-9 1
+6 2
+8 5
+41 1
+1 3
+1 4

fl=(65)
fn=(258)
64 1
+3 1
+2 1
+2 1
+3 1
+1 1
+1 1
+1 1
+1 1
+1 1
+1 1
+1 1
+1 1
+1 1
+1 1
+1 1
+1 1
+1 1
+1 1
+5 1
+1 1
+1 1
+1 1
+14 1
+1 1
+1 1
cfi=(66)
cfn=(260)
calls=1 -46 
* 918
+1 1
+5 1
+1 1
+1 1
+1 1
+13 1
+1 1
+1 1
+1 1
+1 1
+1 1
+1 1
+1 1
+1 1
+1 1
+1 1
+1 1
+1 1
+1 1
+1 1
+2 1
+2 1
+4 1
+3 1
cob=(3)
cfi=(67) /build/glibc-9tT8Do/glibc-2.23/csu/../csu/libc-start.c
cfn=(264) (below main)
calls=1 -25 
* 383309684

fn=(259)
64 12
+3 12
+2 12
+2 12
+3 12
+1 12
+1 12
+1 12
+1 12
+1 12
+1 12
+1 12
+1 12
+1 12
+1 12
+1 12
+1 12
+1 12
+1 12
+5 12
+1 12
+1 12
+1 12
+14 12
+1 12
+1 12
cfi=(66)
cfn=(260)
calls=12 -46 
* 10454
+1 12
+5 12
+1 12
+1 12
+1 12
+13 12
+1 12
+1 12
+1 12
+1 12
+1 12
+1 12
+1 12
+1 12
+1 12
+1 12
+1 12
+1 12
+1 12
+1 12
+2 12
+2 12
+4 12
+3 12
cob=(3)
cfi=(103) /build/glibc-9tT8Do/glibc-2.23/stdio-common/printf.c
cfn=(488) printf
calls=1 28 
* 3043
cob=(3)
cfi=(102)
cfn=(480)
calls=1 26 
* 47
cob=(3)
cfi=(101)
cfn=(474)
calls=1 24 
* 21
cob=(3)
cfi=(81)
cfn=(466)
calls=1 3170 
* 237
cob=(3)
cfi=(99) /build/glibc-9tT8Do/glibc-2.23/libio/iofclose.c
cfn=(432) fclose@@GLIBC_2.2.5
calls=1 39 
* 599
cob=(3)
cfi=(93)
cfn=(394)
calls=1 26 
* 867
cfi=(85)
cfn=(356)
calls=1 +23 
* 32
cob=(3)
cfi=(80) /build/glibc-9tT8Do/glibc-2.23/libio/iofopen.c
cfn=(334) fopen@@GLIBC_2.2.5
calls=1 -62 
* 59575
cob=(3)
cfi=(78) /build/glibc-9tT8Do/glibc-2.23/stdlib/random.c
cfn=(322) srand
calls=1 +50 
* 10537
cob=(3)
cfi=(46)
cfn=(316) __time_syscall
calls=1 30 
* 3
cob=(3)
cfi=(77)
cfn=(310)
calls=1 53 
* 448016
cob=(3)
cfi=(72)
cfn=(296)
calls=1 25 
* 39

ob=(3)
fl=(103)
fn=(488)
28 16
+4 1
+1 2
-1 5
+1 3
cfi=(104) /build/glibc-9tT8Do/glibc-2.23/stdio-common/vfprintf.c
cfn=(490) vfprintf
calls=1 1236 
* 3014
+4 2

fl=(61)
fn=(238)
482 2
+12 1
-12 3
+12 3
+2 4
cfn=(240) handle_intel
calls=1 262 
* 454
+4 2
-4 1
+4 1
cfn=(240)
calls=1 262 
* 546
+2 1
-2 1
-1 1
+3 1
+9 2
+2 1
+1 1
+2 1
+5 2
+9 4
-9 4
+9 16
-9 12
+6 8
+69 4
+1 5
+55 2
+2 1
+1 1
+2 1
-3 1
+5 1
-5 1
+4 3
+4 2
+2 1
+1 1
+2 1
-3 1
+5 1
-5 1
+4 2
+3 1
-3 1
+3 5
532 1
+32 1
-26 6
+7 5
+2 1
+1 1
+1 2
-4 4
+2 1
+1 1
+1 6
+2 2
-6 2
+6 2
+5 1
+2 2
+1 1
-1 1
+1 3
+6 1
-1 1
+1 5

fn=(242) intel_check_word
133 8
+6 4
-7 20
+7 16
-7 4
+7 4
+2 4
-2 4
+2 4
+68 8
+3 24
-69 4
+2 8
-2 6
+2 12
+8 20
+51 16
+22 8
fi=(62) /build/glibc-9tT8Do/glibc-2.23/string/../bits/stdlib-bsearch.h
27 8
+1 16
+3 16
+1 8
fe=(61)
+89 16
fi=(62)
-90 12
+1 6
fe=(61)
+89 12
+3 54
fi=(62)
-95 46
+2 46
-2 46
+2 80
+1 40
fe=(61)
+89 80
251 8
141 16
-6 2
256 24
fi=(62)
37 8
-8 18
fe=(61)
165 6
+3 6
+4 4
+2 4
+1 14
+2 7
-12 2
+12 2
+1 10
+1 10
+1 6
+17 3
-32 9
+3 9
+4 6
+2 6
+1 12
+2 12
+5 2
+2 4
+2 32

fn=(240)
262 4
-1 4
+17 2
-17 12
+14 2
+1 4
-3 6
+23 8
cfn=(242)
calls=2 133 
* 664
+1 4
+3 10
cfn=(242)
calls=2 133 
* 238
+1 4
-17 4
+5 2
-5 6
+5 2
+2 2
+1 2
-1 4
+27 16

fl=(96) /build/glibc-9tT8Do/glibc-2.23/io/../sysdeps/unix/sysv/linux/wordsize-64/fxstat.c
fn=(410) _fxstat
34 2
-1 2
+1 2
+1 12
+4 2

fl=(108) /build/glibc-9tT8Do/glibc-2.23/stdlib/../sysdeps/ieee754/dbl-64/dbl2mpn.c
fn=(508) __mpn_extract_double
37 1
-4 1
+4 2
+1 1
+9 2
+9 1
-18 3
+18 1
-18 1
+9 1
+9 1
+47 2
+4 1
-4 1
+4 1

fl=(118)
fn=(560)
31 4
+17 1
-17 4
+4 4
+4 6
-4 3
+32 4
+4 6
-4 3
+12 2
+3 1
-2 1
+2 6
-2 1
cfi=(119) /build/glibc-9tT8Do/glibc-2.23/nptl/unregister-atfork.c
cfn=(562) __unregister_atfork
calls=1 -52 
* 10

fl=(106) /build/glibc-9tT8Do/glibc-2.23/stdio-common/printf_fp.c
fn=(504) __printf_fp_l
215 10
+39 1
-39 1
+30 1
+16 1
-7 3
+10 1
-10 2
+10 1
fi=(107) /build/glibc-9tT8Do/glibc-2.23/stdio-common/../include/../locale/localeinfo.h
+42 3
fe=(106)
-39 2
+18 3
+33 1
-2 2
+16 1
+2 1
-2 1
+46 1
+3 2
+14 4
+16 8
cfi=(108)
cfn=(508)
calls=1 37 
* 20
+4 1
-4 1
+4 2
+36 1
+12 1
-9 9
+1 5
+1 2
+1 2
-2 1
+1 1
-1 1
+2 1
+7 1
-8 1
+1 1
+7 1
638 2
806 4
cfi=(109) /build/glibc-9tT8Do/glibc-2.23/stdlib/../sysdeps/x86_64/lshift.S
cfn=(510) __mpn_lshift
calls=1 29 
* 15
+1 5
+1 1
+14 2
-10 1
+10 1
-10 1
+10 2
+2 1
-2 1
+2 1
+10 2
+20 3
+1 3
+15 4
+6 3
+3 5
+3 1
-61 1
+61 2
+14 7
+7 1
fi=(122) /build/glibc-9tT8Do/glibc-2.23/stdio-common/../sysdeps/pthread/allocalim.h
29 2
fe=(106)
913 7
+4 1
-3 2
+3 2
+3 4
-6 8
+9 3
cfn=(512) hack_digit
calls=1 169 
* 45
-3 1
+3 1
-3 6
+7 5
+2 2
-4 1
+4 2
+12 3
+1 7
+1 24
+1 22
172 5
946 5
172 10
+2 15
947 5
+1 5
+2 10
1250 9
435 10
176 10
+1 5
-1 5
+1 10
-1 5
+1 5
cfi=(110) /build/glibc-9tT8Do/glibc-2.23/stdlib/../sysdeps/x86_64/mul_1.S
cfn=(514) __mpn_mul_1
calls=5 32 
* 100
* 25
944 3
+15 5
+1 3
cfn=(512)
calls=1 169 
* 45
+2 3
fi=(111) /build/glibc-9tT8Do/glibc-2.23/stdio-common/../sysdeps/generic/get-rounding-mode.h
94 1
+1 5
fe=(106)
1078 5
+7 2
+3 2
+13 3
+46 6
+2 6
+2 1
-2 1
+2 4
964 3
+3 1
-4 1
+4 1
+5 1
-1 1
+1 5
248 1
1154 2
+7 4
+9 3
+7 1
+3 1
-3 3
+5 2
cfi=(113) /build/glibc-9tT8Do/glibc-2.23/string/../sysdeps/x86_64/strlen.S
cfn=(520) strlen
calls=1 66 
* 16
* 1
+2 3
+5 3
+2 1
-2 1
+2 1
-2 1
+2 1
+18 13
+3 12
+3 12
-6 21
+1 21
+1 4
cfi=(114) /build/glibc-9tT8Do/glibc-2.23/string/../sysdeps/x86_64/memcpy.S
cfn=(522) __GI_mempcpy
calls=1 61 
* 18
* 1
fi=(111)
95 2
fi=(112) /build/glibc-9tT8Do/glibc-2.23/stdio-common/../include/rounding-mode.h
-43 4
fe=(106)
855 3
+14 1
-1 1
+1 2
1156 3
854 2
1239 3
+7 2
967 7
1219 2
+17 5
-78 2
928 5
1236 84
cfi=(89) /build/glibc-9tT8Do/glibc-2.23/libio/genops.c
cfn=(524) __overflow
calls=7 230 
* 273
* 14
-34 6
-43 4
568 1
1185 2

fn=(502) __printf_fp
1257 1
-1 1
+1 4
cfn=(504)
calls=1 215 
* 1241

fn=(512)
169 6
+3 6
+2 8
+2 4
+1 2
-1 2
+1 4
-1 2
+1 2
cfi=(110)
cfn=(514)
calls=2 32 
* 40
* 2
+32 12

fl=(79) /build/glibc-9tT8Do/glibc-2.23/stdlib/random_r.c
fn=(326) random_r
357 4001240
+5 1000310
-2 1000310
+2 2000620
+9 1000310
+1 1000310
+1 1000310
+3 2000620
+3 1000310
-3 1000310
+2 1000310
+2 1000310
-2 1000310
+5 1000310
-3 1000310
-20 968042
+31 968042
-31 968042
+34 968042
-2 1936084
-32 32268
+32 32268
-1 32268
+3 64536

fn=(324) srandom_r
162 4
+8 2
+2 1
+1 2
+3 1
+2 3
+3 1
-1 1
+1 1
+5 1
+1 1
+7 1
-7 1
-1 1
+1 2
+7 12
+2 3
+1 1
-10 3
+7 348
+2 87
+1 29
-10 87
+13 2
+1 2
-1 2
+2 1
+1 4
+3 2
-3 1
+3 1
cfn=(326)
calls=1 357 
* 26
* 618
-3 309
+3 309
cfn=(326)
calls=309 357 
* 8024
-3 620
+7 1
+4 5

fl=(69) /build/glibc-9tT8Do/glibc-2.23/setjmp/../sysdeps/x86_64/bsd-_setjmp.S
fn=(284) _setjmp
30 1
+2 1
cfi=(70) /build/glibc-9tT8Do/glibc-2.23/setjmp/../sysdeps/x86_64/setjmp.S
cfn=(286) __sigsetjmp
calls=1 -6 
* 28

fl=(60) /build/glibc-9tT8Do/glibc-2.23/ctype/ctype-info.c
fn=(236) __ctype_init
31 5
+2 1
+2 1
-4 1
+4 1
-4 1
+2 3
+2 3

fl=(119)
fn=(562)
28 4
+8 1
+3 2
+82 3

fl=(71) /build/glibc-9tT8Do/glibc-2.23/setjmp/sigjmp.c
fn=(288) __sigjmp_save
28 1
+1 1
-1 2
+1 2
+5 3

fl=(84) /build/glibc-9tT8Do/glibc-2.23/elf/dl-addr.c
fn=(348) _dl_addr
126 9
+5 1
-5 2
+5 2
cob=(1)
cfi=(2)
cfn=(50)
calls=1 688 
* 2
+2 2
cob=(1)
cfi=(65)
cfn=(259)
calls=1 -69 
* 1190
* 5
+2 2
30 1
+1 1
-1 1
+1 1
+3 2
+5 1
+6 1
-7 1
+2 2
+2 1
-2 1
+2 1
+3 1
+5 8
+2 1
+1 2
-1 1010
+1 2020
+2 3628
+9 2010
+7 24
-2 24
+2 2259
-2 2211
+2 5750
-10 11175
+2 8940
+1 14318
+7 1011
-21 2022
+49 3
+1 1
+1 3
+3 2
+37 2
cob=(1)
cfi=(2)
cfn=(52)
calls=1 694 
* 2
+3 9
-28 1
+1 1
+21 2

fl=(86) /build/glibc-9tT8Do/glibc-2.23/malloc/morecore.c
fn=(364) __default_morecore
46 4
+1 4
cfi=(87) /build/glibc-9tT8Do/glibc-2.23/misc/sbrk.c
cfn=(366) sbrk
calls=4 -13 
* 153
+1 12
+4 8

fl=(67)
fn=(264)
134 7
+4 1
-4 3
+4 3
+82 1
-82 1
+82 1
+1 4
cfi=(68) /build/glibc-9tT8Do/glibc-2.23/stdlib/cxa_atexit.c
cfn=(266) __cxa_atexit
calls=1 57 
* 60
+22 4
+3 2
+1 5
cob=(5)
cfi=(64)
cfn=(270)
calls=1 0 
* 56
+4 4
+15 2
+12 2
cfi=(69)
cfn=(284)
calls=1 30 
* 30
+1 2
+5 2
+1 2
+3 2
+3 6
cob=(5)
cfi=(64)
cfn=(290)
calls=1 0 
* 383308583
+34 2
cfi=(115) /build/glibc-9tT8Do/glibc-2.23/stdlib/exit.c
cfn=(532) exit
calls=1 104 
* 897
138 2

fl=(49)
fn=(188)
45 1
+1 1
+1 1
+1 1
+1 1
+1 1

fn=(184)
45 1
+1 1
+1 1
+1 1
+1 1
+1 1

fl=(101)
fn=(474)
24 4851265
+1 4851265
+1 4851265
+1 4851265
+1 4851265
+1 4851265
+1 4851265
+1 4039439
+1 4039439
+1 4039439
+1 4039439
+1 4039439
+1 4039439
+1 4039439
+1 4039439
+1 4039439
+2 4039439
+1 4039439
+1 4039439
+1 4039439
+1 4039439
+4 1632
+1 1632
+1 1632
+1 1632
+1 1632
+1 1632
+1 1632
+1 1632
+1 1632
+1 1632
+1 1632
+1 1632
+1 1632
+1 1632
+1 1632
+1 1632
+1 1632
+1 1632
+1 1632
+1 1632
+1 1632
+1 1632
+1 1632
+1 1632
+1 1632
197 1126363
+1 1126363
+1 423116
+1 423116
+1 423116
+2 1234942
+1 1234942
+1 1234942
+1 1234942
+1 108579
+2 108579
+1 108579
-1 703247
+1 703247

fl=(109)
fn=(510)
29 1
+1 1
+2 1
+1 1
+1 1
+12 1
+1 1
+1 1
+1 1
+1 1
+1 1
+1 1
+6 1
+1 1
+1 1

fl=(72)
fn=(296)
25 2
+9 6
cfi=(73) /build/glibc-9tT8Do/glibc-2.23/rt/../sysdeps/unix/clock_gettime.c
cfn=(298) clock_gettime
calls=2 +59 
* 40
* 6
+3 18
+2 6

fl=(95) /build/glibc-9tT8Do/glibc-2.23/libio/filedoalloc.c
fn=(406) _IO_file_doallocate
95 10
+15 12
cfi=(90) /build/glibc-9tT8Do/glibc-2.23/libio/fileops.c
cfn=(408) _IO_file_stat
calls=2 1229 
* 28
* 4
+2 8
+11 6
+4 4
cob=(2)
cfi=(16)
cfn=(338)
calls=2 0 
* 366
* 2
+2 2
-1 4
+2 8
cfi=(89)
cfn=(412) _IO_setb
calls=2 380 
* 36
+1 2
+1 10
-15 1
-2 9
+5 2

fl=(74) /build/glibc-9tT8Do/glibc-2.23/misc/../sysdeps/unix/syscall-template.S
fn=(300) __syscall_clock_gettime
65 4
+1 2

fl=(76)
fn=(308)
28 1
+1 1
+1 1
+1 1
+9 1

fl=(45)
fn=(472)
87 1
+2 1
+1 1
+1 1
+12 1

fn=(186)
129 1
+1 1
+1 1
+1 1
+10 1

fn=(176)
109 1
+1 1
+1 1
+1 1
+10 1

fl=(78)
fn=(322)
209 2
+1 6
+1 3
cfi=(79)
cfn=(324)
calls=1 -49 
* 10520
+1 4
+1 2

fn=(482) random
288 1000000
+3 6000000
+2 3000000
cfi=(79)
cfn=(326)
calls=1000000 +64 
* 25967742
+2 4000000
+2 1000000
+1 2000000

fl=(110)
fn=(514)
32 7
+3 7
+1 7
+1 7
+1 7
+1 7
+2 7
+1 7
+2 7
+1 7
+1 7
+1 7
+1 7
+2 7
+1 7
+1 7
+1 7
+69 7
+2 7
+3 7

fl=(91) /build/glibc-9tT8Do/glibc-2.23/io/../sysdeps/unix/syscall-template.S
fn=(382) open
84 2
cfn=(384) __open_nocancel
calls=1 * 
* 5

fn=(528) write
84 2
cfn=(530) __write_nocancel
calls=1 * 
* 5

fn=(418) read
84 188
cfn=(420) __read_nocancel
calls=94 * 
* 470

fn=(384)
84 5

fn=(530)
84 5

fn=(420)
84 470

fl=(46)
fn=(178)
38 2
-1 2
+1 12
fi=(47) /build/glibc-9tT8Do/glibc-2.23/time/../sysdeps/generic/dl-hash.h
+10 6
+14 8
-17 6
+3 18
+14 24
-17 18
fe=(46)
-7 6
+3 4
-3 2
+3 2
cfi=(48) /build/glibc-9tT8Do/glibc-2.23/elf/../sysdeps/unix/sysv/linux/dl-vdso.c
cfn=(182) _dl_vdso_vsym
calls=2 -14 
* 12
+1 6
+1 4

fn=(316)
30 2
+1 1

fl=(102)
fn=(480)
26 1000000
+1 1000000
cfi=(78)
cfn=(482)
calls=1000000 288 
* 42967742
+1 2000000

fl=(55)
fn=(226)
52 8
+6 3
+14 1
fi=(57) /build/glibc-9tT8Do/glibc-2.23/csu/../sysdeps/unix/sysv/linux/x86_64/init-first.c
-36 1
fe=(55)
+34 1
+1 1
fi=(57)
-35 3
fe=(55)
+36 1
fi=(57)
-36 3
fi=(56) /build/glibc-9tT8Do/glibc-2.23/csu/../sysdeps/generic/dl-hash.h
+12 3
+14 4
-17 3
+3 9
+14 12
-17 9
fi=(57)
-9 3
+2 2
-2 1
+2 2
cfi=(48)
cfn=(182)
calls=1 -11 
* 6
+1 2
+5 2
-3 2
+1 1
+2 1
cfi=(48)
cfn=(182)
calls=1 -17 
* 6
fe=(55)
+42 3
fi=(57)
-41 2
+1 1
fe=(55)
+40 1
cfi=(58) /build/glibc-9tT8Do/glibc-2.23/misc/init-misc.c
cfn=(232) __init_misc
calls=1 -55 
* 48
+8 1
cfi=(60)
cfn=(236)
calls=1 -63 
* 16
+5 6
-34 1
-7 1
+7 4
fi=(57)
-25 2
fe=(55)

fl=(51)
fn=(192)
37 1
-1 1
+1 6
fi=(47)
+11 3
+14 4
-17 3
+3 9
+14 12
-17 9
fe=(51)
-8 3
+3 2
-3 1
+3 1
cfi=(48)
cfn=(182)
calls=1 -13 
* 6
+1 3
+1 2

fl=(81)
fn=(446) _int_free
3839 18
+13 2
-13 2
+13 4
+6 8
+1 4
+11 8
+13 4
4103 16
3958 4
+1 6
+15 4
+8 6
+6 4
+1 4
+1 4
1884 6
3999 4
+7 4
+65 4
+1 4
+3 6
3960 10
+8 2
-4 2
+4 6
-7 4
4091 6
+1 6
+1 10
-41 2
+1 6
+1 4
-80 10
4077 10
+2 8
cfn=(448) systrim.isra.2
calls=2 2757 
* 56
* 2

fn=(448)
2757 14
+11 6
+2 2
+1 4
-4 2
+8 6
+2 4
-5 2
+49 16

fn=(340)
2900 9
+5 6
+1 6
+3 16
+2 6
cfn=(358) _int_malloc
calls=2 3347 
* 272
+3 2
-3 2
+3 2
+8 8
+2 22
+3 8
-18 12
-2 1
+20 3
-20 1
cfi=(82) /build/glibc-9tT8Do/glibc-2.23/malloc/hooks.c
cfn=(342) malloc_hook_ini
calls=1 29 
* 59244

fn=(444)
2932 10
+5 4
+1 4
+6 4
+5 2
-2 2
+2 4
+16 6
+1 4
cfn=(446)
calls=2 3839 
* 270
+1 12

fn=(466)
3170 11108
+15 11108
-15 33324
+10 11108
+5 22216
-15 11108
+10 11108
+5 22216
+8 22216
+1 22216
+12 77756
+6 11108
+8 11108
-7 22216
+7 22216
+14 33324
cfn=(358)
calls=11108 3347 
* 1655424
+3 11108
-3 11108
+3 99972
+10 22216
+1 44432
+3 22216
+6 33324
+52 66648
3206 66648
+62 11108
-3 11108
+3 77756
+11 11108
+1 22216
+1 22216
+2 22216
+8 11108
-3 11108
+1 11108
+1 22216
+1 11108

fn=(358)
3347 33333
-30 22222
+30 11111
-30 44444
+30 33333
-30 11111
+30 33333
+4 33333
+14 22222
+2 33324
+2 11108
-1 11108
-1 11108
+1 11108
+5 22216
+29 22222
+2 33327
+1 33327
+2 11109
-2 11109
+2 22218
+2 2
+37 14
+1 4
+1 2
cfn=(360) malloc_consolidate
calls=1 4142 
* 651
3817 155554
-2 11111
+2 11111
-2 11111
+2 22222
5000 11111
3815 11111
+2 11111
5002 11111
3817 11111
5002 11111
3817 33333
5002 22222
3817 44444
5000 22222
3467 55555
3831 99999
3601 22222
+73 22222
+1 22222
+1 22222
+1 22222
+1 22222
+5 22222
+4 33333
+3 44440
-3 33330
+3 44436
-3 22218
+3 33324
3790 11111
+3 11111
-2 22222
+2 22222
+17 6
3603 6
+3 2
-3 2
+3 6
3446 3
1877 12
3825 9
cfn=(362) sysmalloc
calls=3 2266 
* 593
+1 6
-28 11108
-3 11108
+1 11108
+2 11108
-1 11108
+1 22216
+2 11108
-2 44432
+2 11108
+3 11108
1877 33324

fn=(360)
4142 2
4994 4
1806 3
-3 2
+3 378
-3 252
+7 3
+5 1
+2 1
-2 2
-1 3

fn=(362)
2266 24
+20 3
+11 3
-11 3
+11 3
+1 15
fi=(83) /build/glibc-9tT8Do/glibc-2.23/malloc/arena.c
488 9
fe=(81)
2313 15
+65 3
+1 9
+10 3
-9 3
+9 11
+6 12
+3 9
2721 6
+1 3
+8 12
+5 3
-3 3
+3 3
-2 3
+2 9
+1 3
-1 3
-1 3
+4 3
-3 6
+1 3
+8 27
2389 14
+72 3
-8 12
+8 3
+21 15
cfi=(86)
cfn=(364)
calls=3 46 
* 156
* 3
+1 3
+3 12
+3 6
+1 6
+20 6
+26 6
+2 6
+6 3
-6 3
+6 7
+1 10
2319 3
2462 3
+10 15
+8 3
-8 3
+8 3
+67 7
+37 2
+6 3
+19 1
+3 2
+1 5
+2 1
-2 1
+2 1
+1 3
cfi=(86)
cfn=(364)
calls=1 46 
* 25
+12 2
+8 1
+1 1
-1 2
+1 2
+39 1
+1 1
-2 1
+1 3
+12 1
-12 1
+1 1
+11 1
2537 5

fl=(120) /build/glibc-9tT8Do/glibc-2.23/posix/../sysdeps/unix/sysv/linux/_exit.c
fn=(584) _Exit
27 2
+4 1
+2 2

fl=(50)
fn=(190)
30 1
+1 1
+1 1
+1 1
+1 1
+1 1

fl=(94) /build/glibc-9tT8Do/glibc-2.23/stdio-common/vfscanf.c
fn=(396) _IO_vfscanf
279 640000
+11 64000
-11 128000
+11 128000
+1 64000
fi=(97) /build/glibc-9tT8Do/glibc-2.23/stdio-common/../include/scratch_buffer.h
79 64000
fe=(94)
291 64000
fi=(97)
78 256000
fe=(94)
341 384000
+6 192001
+3 320000
+4 64000
+20 64000
-20 64000
+20 64000
-13 128000
+6 64000
+2 192000
+5 64000
-5 64000
+5 384000
2671 64000
315 64000
-30 64000
-1 128000
+95 64000
2671 64000
2215 128000
334 128000
-4 64000
-1 64000
-1 128000
-1 64000
-32 64000
-12 64000
2215 64000
383 384000
+37 192000
+23 64000
+1 64000
-1 64000
+1 64000
3024 512000
fi=(97)
86 320000
fe=(94)
3027 192000
+3 128000
+17 256000
+6 576000
449 128000
347 127998
+27 384000
+92 64000
223 64000
+1 128000
489 256000
+2 128000
+1 64000
-1 128000
+1 512000
+1 128000
-1 448000
+2 128000
+5 64000
-19 64000
+20 128000
+1 64000
+34 256000
+3 640000
+80 128000
+5 128000
-1 64000
+1 64000
+1 256000
+3 64000
+1 256000
-1 128000
+1 64000
-1 64000
+1 320000
+6 843459
+3 281132
-3 281132
+3 421740
-3 42
+3 63
-3 281174
+3 64000
+1 128000
+1 320000
-1 64000
+1 256000
+4 64000
-4 128000
cfi=(89)
cfn=(422) _IO_sputbackc
calls=64000 +34 
* 960000
+4 512000
-9 42
cfi=(89)
cfn=(398) __uflow
calls=21 348 
* 2563
* 42
288 64000
3014 320000
538 128000
639 64000
1023 192000
+2 320000
+2 512000
+10 128000
-10 64000
+10 192000
+71 640000
+42 923034
1037 615356
1150 307678
1037 923180
1150 73
1037 219
+68 615502
+3 307751
-1 615502
+1 615502
+42 2769978
cfi=(89)
cfn=(398)
calls=73 348 
* 7957
* 64292
+2 128000
+42 64000
-2 192000
+2 64000
+8 64000
-10 64000
+10 64000
-2 128000
-93 615502
-80 384000
+12 256000
cfi=(89)
cfn=(422)
calls=64000 673 
* 960000
+1 64000
-15 896000

fl=(99)
fn=(432)
39 3
+14 1
-14 1
+14 2
+9 4
cfi=(90)
cfn=(452) _IO_file_finish@@GLIBC_2.2.5
calls=1 200 
* 27
+1 3
+18 6
+3 2
cob=(2)
cfi=(16)
cfn=(442)
calls=1 -84 
* 162
+4 5
-34 1
cfi=(89)
cfn=(434) _IO_un_link
calls=1 +6 
* 88
+2 19
+1 2
+1 2
cfi=(90)
cfn=(436) _IO_file_close_it@@GLIBC_2.2.5
calls=1 160 
* 255
* 3
fi=(100) /build/glibc-9tT8Do/glibc-2.23/libio/libioP.h
866 2
+1 9
fe=(99)
78 2

fl=(63)
fn=(246)
33 3
+1 1

fl=(82)
fn=(342)
29 4
fi=(83)
260 1
fe=(82)
30 1
fi=(83)
260 1
fe=(82)
30 1
fi=(83)
260 1
fi=(81)
2909 7
+2 3
cfn=(358)
calls=1 3347 
* 1035
+3 1
-3 1
+3 1
+8 4
+2 11
fe=(82)
33 4
fi=(81)
2909 6
+12 1
cfi=(83)
cfn=(346) ptmalloc_init.part.5
calls=1 258 
* 58158
* 1
-15 2
fe=(82)

fl=(58)
fn=(232)
31 2
-1 3
+1 4
+2 3
cfi=(59) /build/glibc-9tT8Do/glibc-2.23/string/../sysdeps/x86_64/strrchr.S
cfn=(234) rindex
calls=1 -9 
* 24
+4 5
+1 3
+2 4

fl=(70)
fn=(286)
26 1
+9 1
+1 2
+1 1
+4 1
+1 1
+1 1
+1 1
+1 1
+2 2
+2 1
+1 1
+1 1
+2 2
+2 1
+9 1
cfi=(71)
cfn=(288)
calls=1 -36 
* 9

fl=(89)
fn=(372) _IO_old_init
586 1
-16 1
+1 1
+15 1
+5 1
-21 1
+2 1
+1 1
+1 1
+17 1
-16 1
+1 1
+1 1
+1 1
+1 1
+1 1
+2 1
+1 1
+1 1
+1 1
+6 1
+1 4

fn=(524)
230 21
+2 21
cfi=(90)
cfn=(496) _IO_file_overflow@@GLIBC_2.2.5
calls=7 808 
* 231

fn=(370) _IO_no_init
599 9
+1 1
cfn=(372)
calls=1 -14 
* 25
+3 1
-2 1
+2 1
+2 1
+1 1
+1 1
+1 1
+1 1
+1 1
+1 1
+1 1
+1 1
+1 1
+1 1
+1 1
+2 1
+7 1
+1 6

fn=(398)
348 94
+2 282
+6 564
+3 188
+2 188
+6 188
+7 188
+1 94
-1 188
cfn=(400) _IO_default_uflow
calls=94 +39 
* 8076
-24 188
+22 282

fn=(404) _IO_doallocbuf
395 4
-1 6
+3 8
+1 6
cfi=(95)
cfn=(406)
calls=2 95 
* 514
* 4
+3 8

fn=(412)
380 9
+1 14
+3 3
+2 12
-3 3
+3 6
+3 12
-7 1
cob=(2)
cfi=(16)
cfn=(442)
calls=1 0 
* 162
* 5

fn=(414) _IO_switch_to_get_mode
176 188
-1 188
+1 94
+3 282
+5 94
-1 188
+1 94
+7 94
-4 94
+2 188
+2 94
+1 94
+1 188

fn=(422)
673 128000
+3 128000
-3 128000
+3 256000
+1 512000
+9 128000
+3 256000
-10 384000

fn=(434)
60 4
-1 4
+5 6
+1 10
+2 1
-2 1
+1 1
+1 1
-2 1
+2 1
-2 1
+2 13
+2 1
-2 3
+2 2
+2 2
+13 1
+2 1
-2 1
+2 8
+2 1
-1 1
+1 8
+1 2
+3 5
-6 7
-13 1
+1 1
-1 2

fn=(438) _IO_unsave_markers
1049 1
-2 1
+2 1
+19 3
+2 1

fn=(574) _IO_cleanup
948 2
+3 1
-3 2
-50 1
+50 1
+3 1
cfn=(576) _IO_flush_all_lockp
calls=1 760 
* 90
-63 1
+63 1
-63 2
+10 3
+8 5
+2 2
+2 1
+1 1
-1 1
+2 2
+3 5
cfi=(90)
cfn=(578) _IO_file_setbuf@@GLIBC_2.2.5
calls=1 450 
* 66
+2 3
+4 2
+7 3
-40 9
+2 6
+2 7
+6 12
+65 7
-42 3
+1 8

fn=(580) _IO_default_setbuf
522 4
+1 1
-1 2
+1 1
cfi=(90)
cfn=(582) _IO_file_sync@@GLIBC_2.2.5
calls=1 868 
* 13
* 2
+9 1
-7 1
+7 1
-7 1
388 1
-5 1
+1 1
+4 1
535 1
+2 1
-2 2
+1 3
+2 4
381 1
527 1
+1 1
-1 1
+1 1
381 4

fn=(500) _IO_default_xsputn
425 2
-3 10
+8 68
+25 114
cfi=(90)
cfn=(496)
calls=16 808 
* 528
* 32
+2 16
-2 32
+4 1
+1 1
-1 1
+1 5

fn=(454) _IO_default_finish
639 4
+2 3
+6 3
+3 3
60 2
662 4

fn=(576)
760 8
+6 3
+11 2
+16 2
-17 2
-1 2
+1 3
-1 1
+1 1
+3 9
+10 6
+4 3
-2 3
+2 6
+7 3
-27 6
+31 2
+2 2
+4 9
-38 1
-6 1
+5 1
+2 2
+6 12

fn=(376) _IO_link_in
98 6
-1 2
+3 2
-3 1
+5 1
-2 1
+2 5
+1 10
+2 1
-2 1
+1 1
+1 1
-2 1
+2 1
-2 1
+2 13
+2 1
-2 1
+4 1
+2 1
-3 1
-1 1
+4 7
+2 1
-1 1
+1 8
+1 2
+3 5
-6 7

fn=(400)
413 94
-1 188
+1 94
cfi=(90)
cfn=(402) _IO_file_underflow@@GLIBC_2.2.5
calls=94 539 
* 6948
+1 188
+2 376
+1 188

fl=(93)
fn=(394)
26 640000
+4 960000
+3 64000
-2 64000
+3 256000
-1 320000
+1 64000
cfi=(94)
cfn=(396)
calls=64000 279 
* 31868914
fi=(98) /build/glibc-9tT8Do/glibc-2.23/stdio-common/../libio/libioP.h
875 64000
+1 64000
fe=(93)
34 64000
fi=(98)
876 64000
+1 512000
fe=(93)
39 256000

fl=(104)
fn=(490)
1236 8
+31 3
+8 4
+4 5
+11 5
+11 1
fi=(123) /build/glibc-9tT8Do/glibc-2.23/stdio-common/printf-parse.h
108 3
fe=(104)
1316 1
-15 5
fi=(123)
108 1
cfi=(105) /build/glibc-9tT8Do/glibc-2.23/string/../sysdeps/x86_64/strchr.S
cfn=(492) strchrnul
calls=1 -84 
* 44
fe=(104)
1316 1
fi=(123)
108 1
fe=(104)
1312 1
+4 2
+4 8
cfi=(90)
cfn=(494) _IO_file_xsputn@@GLIBC_2.2.5
calls=1 -33 
* 1205
* 4
1685 5
+3 1
+1 8
1316 6
+1 14
1685 5
+1 2
1320 2
+4 1
-4 1
+4 2
+4 12
1552 2
-21 2
1632 2
-1 2
1370 15
-7 1
-1 1
-3 1
-1 1
+8 1
+4 1
-3 1
-10 1
-1 1
-1 1
-1 1
-1 1
+14 1
-15 1
-1 1
-1 1
-1 1
+18 2
1649 1
+2 2
+8 1
fi=(123)
108 2
fe=(104)
1659 1
fi=(123)
108 1
fe=(104)
1659 1
fi=(123)
108 2
cfi=(105)
cfn=(492)
calls=1 -84 
* 20
fe=(104)
1663 1
-4 1
+4 11
cfi=(90)
cfn=(494)
calls=1 1287 
* 211
* 13
+2 3
-61 16
-1 1
+1 2
+27 52
cfi=(106)
cfn=(502)
calls=1 1257 
* 1247
* 22

fl=(59)
fn=(234)
24 1
+1 1
+1 1
+1 1
+1 1
+1 1
+1 1
+1 1
+1 1
+1 1
+1 1
+1 1
+1 1
+1 1
+1 1
+1 1
+1 1
+1 1
+1 1
+1 1
+1 1
+1 1
+1 1
+1 1

fl=(92) /build/glibc-9tT8Do/glibc-2.23/string/../string/strstr.c
fn=(386) __GI_strstr
53 7
+10 3
+2 2
+1 1
+23 8
-26 1
-5 2

fl=(105)
fn=(492)
24 2
+1 2
+1 2
+1 2
+1 2
+1 2
+1 2
+1 2
+1 2
+1 2
+1 2
+1 2
+1 2
+1 2
+1 2
+1 2
+1 2
+1 1
+2 1
+7 1
+4 1
+1 1
+1 1
+1 1
+1 1
+1 1
+1 1
+1 1
+1 1
+1 1
+1 1
+1 1
+1 1
+1 1
+1 1
+1 1
+1 1
+1 1
+1 1
+1 1
+1 1
+1 1
+1 1
+1 1
+52 1
+2 1
+7 1

fl=(115)
fn=(532)
104 1
-1 1
+1 2
cfn=(534) __run_exit_handlers
calls=1 -69 
* 893

fn=(534)
35 8
+5 1
cfi=(116) /build/glibc-9tT8Do/glibc-2.23/stdlib/cxa_thread_atexit_impl.c
cfn=(536) __call_tls_dtors
calls=1 145 
* 11
* 1
+6 8
+4 6
+3 1
-1 1
+2 5
+33 1
+1 1
-1 1
+1 1
+6 2
+1 5
cfi=(89)
cfn=(574)
calls=1 948 
* 248
* 3
+2 2
cfi=(120)
cfn=(584)
calls=1 -70 
* 5
-19 1
+4 1
-4 1
+2 1
+2 1
-2 2
+2 1
cob=(1)
cfi=(117)
cfn=(538)
calls=1 +48 
* 573
+1 1

fl=(52)
fn=(196)
0 18

fl=(77)
fn=(310)
53 2
+1 2
+1 2
+1 2
+1 2
+2 2
+1 2
+17 2
+1 2
+1 2
+1 2
+1 2
+1 2
+1 2
+1 2
+1 2
+1 2
+1 2
+1 2
+1 2
+1 4
+3 2
+1 2
+1 2
+1 2
+1 2
+1 2
+1 2
-6 64372
+1 64372
+1 64372
+1 64372
+1 64372
+1 64372
+1 64372
+1 2

fl=(116)
fn=(536)
145 3
+1 4
+18 4

fl=(90)
fn=(416) _IO_file_read
1216 376
cfi=(91)
cfn=(418)
calls=94 84 
* 658

fn=(440) _IO_file_close
1250 5
+1 1

fn=(526) _IO_file_write@@GLIBC_2.2.5
1258 1
-2 6
+2 4
+4 2
+1 2
+10 3
+3 6
-13 4
cfi=(91)
cfn=(528)
calls=1 84 
* 7
+1 2
+5 1
+1 1
-12 5

fn=(582)
868 1
+5 1
-5 1
+5 3
+2 1
+1 2
+17 2
+4 2

fn=(436)
160 3
-2 2
+9 1
-9 1
+5 5
+6 1
+3 1
-3 1
cfi=(89)
cfn=(438)
calls=1 1049 
* 7
+3 2
+4 3
+9 5
cfi=(89)
cfn=(412)
calls=1 380 
* 191
+1 2
+3 1
-3 1
+1 3
+2 1
cfi=(89)
cfn=(434)
calls=1 60 
* 3
+5 2
-4 1
+1 1
+1 1
+2 1
+1 4
-23 3
cfn=(440)
calls=1 1250 
* 6
* 2

fn=(452)
200 1
+1 1
-1 1
+1 1
+6 2
+1 1
-1 1
cfi=(89)
cfn=(454)
calls=1 639 
* 19

fn=(494)
1287 2
-1 4
-6 20
+13 8
+17 4
+4 1
+5 4
cfi=(114)
cfn=(522)
calls=1 61 
* 18
* 1
+6 1
-1 1
+1 2
+2 2
+27 4
+1 16
-24 5
cfn=(496)
calls=1 808 
* 337
* 2
+6 4
+1 6
+2 6
+11 4
+1 4
cfi=(89)
cfn=(500)
calls=1 425 
* 810
* 2
-57 3
+1 2
+3 3
+2 4
+37 8
-35 1
+11 5
+17 4
cfn=(496)
calls=1 808 
* 116
* 2

fn=(496)
808 75
+7 25
-8 125
+8 121
+35 50
+3 46
+3 69
+1 69
+1 92
+4 23
+1 92
-45 2
+12 2
+9 4
+8 1
-4 1
+3 2
-2 2
-3 1
+1 2
+5 1
-1 1
+1 3
+1 2
+3 4
+12 6
-12 2
cfn=(498) _IO_do_write@@GLIBC_2.2.5
calls=2 494 
* 98
-31 2
cfi=(89)
cfn=(404)
calls=1 395 
* 283
+1 6

fn=(578)
450 2
+1 1
cfi=(89)
cfn=(580)
calls=1 +71 
* 51
* 2
+4 2
-1 2
+2 3
+2 1
+1 2

fn=(402)
539 282
+6 282
-14 376
+17 188
+13 188
+20 188
cfi=(89)
cfn=(414)
calls=94 176 
* 1880
+6 94
+5 376
-5 188
+1 94
+2 94
-1 188
+3 94
cfn=(416)
calls=94 1216 
* 1034
+2 188
+16 94
-9 94
+9 188
+2 188
+1 376
-62 3
+5 2
cfi=(89)
cfn=(404)
calls=1 395 
* 267
* 2

fn=(408)
1229 2
+1 6
cfi=(96)
cfn=(410)
calls=2 34 
* 20

fn=(498)
494 6
+1 1
-3 8
+11 2
+7 4
+8 5
cfn=(526)
calls=1 1258 
* 44
* 1
+1 5
+6 1
-4 1
+4 1
-4 3
+1 2
+3 1
-2 1
-29 4
+1 6
+29 2

fn=(378) _IO_file_fopen@@GLIBC_2.2.5
249 7
+11 2
+2 3
+25 12
+41 6
cfn=(380) _IO_file_open
calls=1 214 
* 45
+3 1
-3 1
+3 1
+17 3
cfi=(92)
cfn=(386)
calls=1 53 
* 24
+1 1
-1 1
+1 1
-83 1
-1 1
-15 2
425 1
-76 1
+76 7

fn=(374) _IO_file_init@@GLIBC_2.2.5
144 2
+4 1
-4 2
+5 1
-1 1
+3 1
cfi=(89)
cfn=(376)
calls=1 -53 
* 81
+1 1
+1 4

fn=(380)
214 6
+3 2
+8 2
+3 2
+3 1
-3 1
-1 1
+1 2
+3 1
-3 1
+3 1
+10 2
cfi=(89)
cfn=(376)
calls=1 98 
* 4
+1 1
+1 4
-22 4
cfi=(91)
cfn=(382)
calls=1 84 
* 7
* 3

fl=(113)
fn=(520)
66 1
+1 1
+1 1
+1 1
+1 1
+1 1
+1 1
+2 1
+2 1
+30 1
+1 1
+1 1
+1 1
+1 1
+1 1
+1 1

fl=(114)
fn=(522)
61 2
+4 2
+3 2
+1 2
+2 2
+1 2
+2 2
+1 2
+5 2
+1 2
+11 2
+1 2
+11 2
+1 2
+11 2
+1 2
+21 2
+4 2

fl=(83)
fn=(346)
258 6
+13 1
-8 1
+8 1
+6 3
+2 5
+16 2
-56 73
-18 222
+2 146
+1 2
+1 2
340 2
+6 2
+1 2
+2 1
+1 7
-78 5
cfi=(84)
cfn=(348)
calls=1 126 
* 57669
* 2
+1 4

fl=(87)
fn=(366)
34 4
+8 4
-8 12
+8 21
+4 8
+4 18
+12 5
-19 2
cfi=(88) /build/glibc-9tT8Do/glibc-2.23/misc/../sysdeps/unix/sysv/linux/x86_64/brk.c
cfn=(368) brk
calls=1 -12 
* 12
* 4
+15 6
cfi=(88)
cfn=(368)
calls=3 -27 
* 36
* 6
+4 15

fl=(73)
fn=(298)
93 10
+22 12
cfi=(74)
cfn=(300)
calls=2 -50 
* 6
* 4
+19 8

fl=(48)
fn=(182)
27 10
+4 10
-3 10

fl=(88)
fn=(368)
31 32
+8 4
-6 8
+7 4

fl=(68)
fn=(268) __new_exitfn
73 2
+6 1
-6 1
+6 1
-6 1
+6 4
+2 6
+2 3
-2 1
+10 2
-10 2
+45 1
+1 1
+3 4
+3 5
-21 1
+1 2

fn=(266)
57 5
-22 1
+22 1
-22 1
cfn=(268)
calls=1 +38 
* 38
+2 2
+4 1
+3 1
+1 1
-4 2
+2 1
+4 1
+1 1
+11 4

fl=(80)
fn=(336) __fopen_internal
61 6
+8 1
-8 2
+8 1
cob=(2)
cfi=(16)
cfn=(338)
calls=1 -69 
* 59257
+2 3
+3 1
+3 4
-3 1
+3 2
cfi=(89)
cfn=(370)
calls=1 599 
* 58
+4 1
+1 1
-1 1
+1 1
cfi=(90)
cfn=(374)
calls=1 +62 
* 94
+4 5
cfi=(90)
cfn=(378)
calls=1 249 
* 121
* 1
+1 1
-1 1
+6 5
-5 1
cfn=(388) __fopen_maybe_mmap
calls=1 -46 
* 4

fn=(388)
41 1
-2 1
+2 1
+15 1

fn=(334)
97 2
cfn=(336)
calls=1 -36 
* 59573

ob=(4)
fl=(54)
fn=(218)
0 17

fn=(552)
0 8
cob=(2)
cfi=(16)
cfn=(558)
calls=1 0 
0 57
0 1
cfn=(566) 0x0000000000000580
calls=1 0 
0 9
0 3

fn=(566)
0 9

totals: 383402036
